   -0.0022583628     0.0004201929     0.0003620143
   -0.0016698119     0.0005978069     0.0005364807
   -0.0025738964     0.0009595618     0.0000994452
   -0.0019926931     0.0010670116     0.0005969143
   -0.0014035500     0.0010793756     0.0004560599
   -0.0023946410     0.0016317316    -0.0002619106
   -0.0021861356     0.0017158786     0.0004701925
   -0.0014511420     0.0016452218     0.0005435804
   -0.0011047553     0.0014708437     0.0002624989
   -0.0019137759     0.0024157371     0.0001865566
   -0.0013684078     0.0023279453     0.0005254908
   -0.0008719095     0.0020612333     0.0002796367
   -0.0010980939     0.0028726403     0.0000016280
   -0.0009161004     0.0029847734     0.0003840315
   -0.0004630810     0.0027057383     0.0002780494
   -0.0003161449     0.0023098111    -0.0000454440
   -0.0000242778     0.0033318537     0.0003036837
    0.0002589106     0.0032557219     0.0002449997
    0.0003862952     0.0028484519    -0.0001147384
    0.0012997251     0.0034311791     0.0003036004
    0.0013889696     0.0032012551    -0.0001310631
    0.0023542113     0.0030268807     0.0005676568
    0.0025874458     0.0030998485     0.0000079183
    0.0022949941     0.0027532807    -0.0006231658
    0.0029931986     0.0021252156     0.0009608097
    0.0035974907     0.0023955672     0.0003672505
    0.0035107537     0.0023152212    -0.0004786433
    0.0027661351     0.0019676792    -0.0010857953
    0.0039870667     0.0012700730     0.0008295745
    0.0043419407     0.0013412010    -0.0000778931
    0.0037961908     0.0012571122    -0.0009656185
    0.0044137165     0.0001212005     0.0004330780
    0.0043292738     0.0001649573    -0.0005645355
    0.0037476812    -0.0009100603     0.0008120900
    0.0041049951    -0.0009662763    -0.0000372164
    0.0036681774    -0.0007683959    -0.0008789510
    0.0032483595    -0.0017609346     0.0003767870
    0.0032550511    -0.0016745208    -0.0003703227
    0.0023766646    -0.0021901775     0.0000483539
   -0.0018833541    -0.0004954198     0.0004985558
   -0.0028514632    -0.0006208360    -0.0004871023
   -0.0026818931    -0.0004458103     0.0005115576
   -0.0019210132     0.0000179611     0.0007110532
   -0.0015688980     0.0001948314     0.0004710930
   -0.0030853219    -0.0000013674    -0.0011104013
   -0.0036472072    -0.0000927183     0.0001571888
   -0.0026656594     0.0003162223     0.0009755368
   -0.0017904134     0.0006088111     0.0006493710
   -0.0016268268     0.0005681608     0.0004034231
   -0.0026351224     0.0008517677    -0.0014941002
   -0.0040771607     0.0007831722    -0.0005846195
   -0.0036876186     0.0009405914     0.0009305735
   -0.0021658524     0.0011707911     0.0009873702
   -0.0016584031     0.0011280275     0.0004124809
   -0.0015979643     0.0009441558     0.0003735838
   -0.0033970144     0.0018507669    -0.0011712498
   -0.0041771739     0.0020439091     0.0003154912
   -0.0027560302     0.0020155591     0.0011969672
   -0.0016116560     0.0018275049     0.0005915360
   -0.0015175501     0.0015769476     0.0002126012
   -0.0020302778     0.0025193540    -0.0011572676
   -0.0033532990     0.0031530877    -0.0003852493
   -0.0029787809     0.0031823275     0.0009022369
   -0.0015979630     0.0027253393     0.0007977219
   -0.0011868581     0.0023211852     0.0001596410
   -0.0012038184     0.0019373874     0.0000779041
   -0.0017050805     0.0036488311    -0.0005282802
   -0.0021327841     0.0041976650     0.0003549926
   -0.0013211439     0.0038229611     0.0007442934
   -0.0006849067     0.0031959663     0.0001957010
   -0.0006909096     0.0026660398    -0.0001764245
   -0.0001525862     0.0034523421    -0.0001198258
   -0.0005093120     0.0045123154     0.0001907517
   -0.0002977283     0.0047292931     0.0005232551
    0.0001546454     0.0041691076     0.0001752430
    0.0001729498     0.0034465354    -0.0003687054
   -0.0000649666     0.0027102314    -0.0005008597
    0.0010582033     0.0040285492     0.0005573800
    0.0013402860     0.0048867818     0.0005780040
    0.0016150213     0.0048507850     0.0001670883
    0.0015044215     0.0041596526    -0.0005237366
    0.0010066754     0.0032622370    -0.0009079642
    0.0020124446     0.0029923338     0.0011211662
    0.0028441186     0.0040865292     0.0010585913
    0.0034602295     0.0046518243     0.0004654198
    0.0033726582     0.0043782947    -0.0005231670
    0.0025738785     0.0035468145    -0.0012504054
    0.0015788123     0.0026187637    -0.0013571036
    0.0035437686     0.0026512177     0.0016445168
    0.0048462304     0.0033887063     0.0011253441
    0.0053056864     0.0035980367    -0.0001222572
    0.0044989603     0.0031727174    -0.0013421197
    0.0030355761     0.0024480080    -0.0018066390
    0.0033543399     0.0011804840     0.0019537614
    0.0050860715     0.0015842853     0.0017791759
    0.0063558669     0.0018580857     0.0006572195
    0.0061473542     0.0018574971    -0.0009477079
    0.0046132554     0.0016122745    -0.0019522276
    0.0042898985     0.0000118908     0.0020430191
    0.0059837899    -0.0000926386     0.0013894628
    0.0066478706    -0.0000837960    -0.0001300156
    0.0056973226     0.0000812591    -0.0015842391
    0.0039025891     0.0002759913    -0.0021262397
    0.0030761918    -0.0009259380     0.0018748666
    0.0045925549    -0.0014668922     0.0016814242
    0.0057337586    -0.0018240008     0.0006641835
    0.0056623691    -0.0016786358    -0.0007900296
    0.0044183800    -0.0011241615    -0.0017669557
    0.0029870168    -0.0020346473     0.0015208609
    0.0040145749    -0.0027512605     0.0010394270
    0.0044867895    -0.0029614844     0.0000126570
    0.0040500602    -0.0024702783    -0.0010423928
    0.0030032308    -0.0016297079    -0.0015655101
    0.0023104969    -0.0028555425     0.0009740997
    0.0027945829    -0.0034010537     0.0004545481
    0.0028979692    -0.0032691421    -0.0003010879
    0.0025190939    -0.0025350218    -0.0009398036
    0.0010702389    -0.0024671536     0.0006832082
    0.0012754872    -0.0031318058     0.0004912932
    0.0014668970    -0.0033445767     0.0001455394
    0.0015506327    -0.0029559194    -0.0003066998
    0.0002719876    -0.0028765920     0.0002378294
    0.0004555112    -0.0028250598     0.0000936971
   -0.0019184244    -0.0014224323    -0.0000667836
   -0.0016738597    -0.0010234120     0.0004717570
   -0.0014093107    -0.0006209135     0.0004818778
   -0.0026990458    -0.0016272067    -0.0005964719
   -0.0025623397    -0.0013877039     0.0005605498
   -0.0018729899    -0.0006307511     0.0007652863
   -0.0016227740    -0.0003359862     0.0004994518
   -0.0033399222    -0.0013107650    -0.0015102542
   -0.0041014200    -0.0017192985     0.0001889180
   -0.0029018395    -0.0007792378     0.0012907951
   -0.0019486592    -0.0000420686     0.0007516828
   -0.0018982573    -0.0000269398     0.0004734053
   -0.0032559370    -0.0003121271    -0.0022985134
   -0.0056363718    -0.0012395213    -0.0010630818
   -0.0051372840    -0.0008953909     0.0015775051
   -0.0026422412     0.0002912350     0.0014904699
   -0.0020975800     0.0005134823     0.0004713085
   -0.0021404067     0.0003500188     0.0005499668
   -0.0024108666     0.0008380164    -0.0023808798
   -0.0055678490     0.0003883814    -0.0024425712
   -0.0077759360     0.0000588791     0.0005303913
   -0.0045348612     0.0008146298     0.0024832381
   -0.0022235121     0.0012291716     0.0009109841
   -0.0023447768     0.0010335812     0.0002929886
   -0.0021039514     0.0008322390     0.0006992221
   -0.0038076581     0.0020095056    -0.0026895847
   -0.0077538064     0.0023314440    -0.0013975311
   -0.0071085959     0.0023887408     0.0023331031
   -0.0029134019     0.0021658672     0.0018407864
   -0.0021480359     0.0019074648     0.0002546907
   -0.0023121932     0.0016158135     0.0003456869
   -0.0018406768     0.0027329877    -0.0019313748
   -0.0048667601     0.0040125603    -0.0021089872
   -0.0071316202     0.0047677436     0.0005901321
   -0.0041127592     0.0038171903     0.0022495928
   -0.0019394842     0.0029179645     0.0006611446
   -0.0020044160     0.0025722266    -0.0000047674
   -0.0017862072     0.0020978217     0.0003596323
   -0.0019067711     0.0043090346    -0.0014430024
   -0.0041345368     0.0060083929    -0.0006132681
   -0.0039329826     0.0058747007     0.0013841451
   -0.0019012224     0.0044032066     0.0009992374
   -0.0013267923     0.0036419850    -0.0000814376
   -0.0013699383     0.0030506006    -0.0001489507
   -0.0000102581     0.0037833639    -0.0003604075
   -0.0009406615     0.0057895537    -0.0003636293
   -0.0016530915     0.0070024896     0.0004937572
   -0.0010406588     0.0062580568     0.0007647535
   -0.0003859018     0.0050543700    -0.0000695315
   -0.0003935415     0.0040818576    -0.0006132450
   -0.0004831930     0.0030530411    -0.0004511723
    0.0011556450     0.0047278768     0.0005889408
    0.0012132680     0.0066904978     0.0007007668
    0.0013280835     0.0074035296     0.0005712203
    0.0014517213     0.0066070211    -0.0002204304
    0.0012222388     0.0052184348    -0.0010451924
    0.0006420060     0.0038190712    -0.0011826020
    0.0021020253     0.0032602051     0.0014672122
    0.0032343238     0.0051483882     0.0016488238
    0.0042689156     0.0068213805     0.0011948066
    0.0045234592     0.0071560901    -0.0000942485
    0.0038283623     0.0060290867    -0.0014481188
    0.0025087689     0.0043788217    -0.0019775354
    0.0013182509     0.0029560745    -0.0016538047
    0.0038507115     0.0030471769     0.0024549945
    0.0060619155     0.0045597994     0.0023553091
    0.0076073990     0.0056291112     0.0008536454
    0.0072109582     0.0054311310    -0.0013520285
    0.0051828634     0.0042076481    -0.0026394805
    0.0029652051     0.0028972165    -0.0025480340
    0.0033831864     0.0012075097     0.0026482618
    0.0059276755     0.0018382489     0.0031222556
    0.0087341278     0.0024985354     0.0022185334
    0.0097614500     0.0028263980    -0.0003101050
    0.0080253549     0.0025752165    -0.0026366658
    0.0050424854     0.0020045260    -0.0032241283
    0.0026840784     0.0014581665    -0.0025952918
    0.0045615801    -0.0001600804     0.0030746578
    0.0074627271    -0.0004652643     0.0029974478
    0.0097388564    -0.0006568778     0.0011647591
    0.0094627167    -0.0004465744    -0.0016063169
    0.0068417135    -0.0000000820    -0.0031915061
    0.0039707685     0.0003300475    -0.0030708534
    0.0030006576    -0.0011461766     0.0024866407
    0.0051117877    -0.0021101128     0.0028445835
    0.0074152339    -0.0031444634     0.0020403730
    0.0084188780    -0.0034390036    -0.0001079361
    0.0072410362    -0.0026369203    -0.0022165351
    0.0048265239    -0.0014452089    -0.0029191087
    0.0027401234    -0.0005710800    -0.0024952017
    0.0029811754    -0.0025299960     0.0021583664
    0.0045031419    -0.0039708633     0.0019975030
    0.0056899473    -0.0049853950     0.0008788590
    0.0057864884    -0.0047091098    -0.0008208756
    0.0046272347    -0.0033420509    -0.0020434532
    0.0030133699    -0.0018822292    -0.0022427528
    0.0015353847    -0.0022830237     0.0014070273
    0.0022226841    -0.0036507896     0.0014345927
    0.0028763696    -0.0049688715     0.0010310689
    0.0033032985    -0.0053995496     0.0001702835
    0.0032534660    -0.0045701865    -0.0008597941
    0.0025995920    -0.0030864415    -0.0014984031
    0.0008504838    -0.0028782402     0.0008114107
    0.0009007208    -0.0040735106     0.0006744318
    0.0009951724    -0.0048595289     0.0004413246
    0.0013040955    -0.0047180980     0.0000205541
    0.0015054834    -0.0037223804    -0.0005604649
    0.0013358281    -0.0024695068    -0.0009500388
   -0.0001246582    -0.0029654511     0.0002312015
   -0.0004695546    -0.0037166649     0.0002276974
   -0.0004063661    -0.0039821410     0.0003147484
    0.0001120801    -0.0035938237     0.0001557464
    0.0005475852    -0.0027484503    -0.0002416085
   -0.0010599624    -0.0025424119    -0.0000963631
   -0.0013880474    -0.0028688219     0.0001666738
   -0.0010635504    -0.0028740980     0.0004225042
   -0.0003820750    -0.0025196816     0.0003061136
   -0.0016879263    -0.0019442276     0.0003109248
   -0.0012799791    -0.0013230353     0.0003445742
   -0.0011730171    -0.0009630781     0.0004140004
   -0.0019617203    -0.0021775458    -0.0006180339
   -0.0019249508    -0.0019443044     0.0004341551
   -0.0015569950    -0.0011469598     0.0006507098
   -0.0014639269    -0.0008386384     0.0004757564
   -0.0026659644    -0.0023917398    -0.0016220121
   -0.0033196802    -0.0030483870     0.0001294694
   -0.0024413362    -0.0017474830     0.0012575139
   -0.0018297434    -0.0007375747     0.0007002900
   -0.0018961998    -0.0007142837     0.0005075101
   -0.0029743217    -0.0017258849    -0.0027953848
   -0.0055323852    -0.0039103474    -0.0014468596
   -0.0051504109    -0.0033797398     0.0019561761
   -0.0026094043    -0.0008287202     0.0017073609
   -0.0023176110    -0.0003461494     0.0004272216
   -0.0024226497    -0.0005150526     0.0007098654
   -0.0025016977    -0.0003392632    -0.0032640253
   -0.0067853861    -0.0027241827    -0.0039939286
   -0.0026748985     0.0002477101     0.0010586832
   -0.0031617492    -0.0000109148     0.0003029185
   -0.0027010370    -0.0000367317     0.0011074414
   -0.0015877981     0.0009028908    -0.0027782868
   -0.0053788544     0.0000928245    -0.0050053467
   -0.0034212076     0.0009493576     0.0000673966
   -0.0037331879     0.0006525430     0.0006969704
   -0.0024258113     0.0006616201     0.0013696424
   -0.0029112804     0.0020799508    -0.0038981892
   -0.0041854740     0.0018470560    -0.0000001123
   -0.0033013239     0.0015758587     0.0011082964
   -0.0010944689     0.0027064021    -0.0022369136
   -0.0047710207     0.0045883724    -0.0045582538
   -0.0036263956     0.0029270167     0.0004056502
   -0.0022000972     0.0022013209     0.0010189414
   -0.0012947410     0.0045038091    -0.0021553065
   -0.0029427102     0.0043426318    -0.0002018990
   -0.0021685407     0.0034643498     0.0003551211
    0.0003286795     0.0037298818    -0.0003858109
   -0.0007410835     0.0066109247    -0.0011578132
   -0.0035261821     0.0101800746    -0.0008559011
   -0.0012976366     0.0048126490    -0.0005416086
   -0.0008143593     0.0032843708    -0.0001424071
    0.0013505243     0.0049552907     0.0006815735
    0.0011952532     0.0083385987     0.0005151654
    0.0004608230     0.0063143907    -0.0014440876
    0.0001631508     0.0042627459    -0.0011961312
    0.0020246035     0.0032060856     0.0017889459
    0.0034258128     0.0058136240     0.0022816465
    0.0047198953     0.0092762857     0.0020325206
    0.0034984350     0.0078719172    -0.0025205261
    0.0020616623     0.0050794138    -0.0025529250
    0.0009609046     0.0031251589    -0.0017304974
    0.0037425746     0.0031433290     0.0032180415
    0.0067705731     0.0055591367     0.0039589900
    0.0051630508     0.0052126320    -0.0040953591
    0.0025358206     0.0031935417    -0.0030687687
    0.0030370569     0.0011202330     0.0031688715
    0.0060810084     0.0019131524     0.0046017603
    0.0105945122     0.0030866577     0.0047596134
    0.0091279457     0.0034420964    -0.0051059755
    0.0048031391     0.0023435833    -0.0044441310
    0.0022358069     0.0015579335    -0.0029235075
    0.0042731676    -0.0003308488     0.0039882036
    0.0081533666    -0.0009595772     0.0050918110
    0.0071782579    -0.0000128547    -0.0051361235
    0.0035513413     0.0004192555    -0.0038166039
    0.0026114137    -0.0012549712     0.0029165915
    0.0050022581    -0.0026562696     0.0040418406
    0.0083145870    -0.0048031347     0.0040574526
    0.0081536452    -0.0036274191    -0.0042948364
    0.0046379063    -0.0016005236    -0.0040630992
    0.0026549988    -0.0028217455     0.0026779191
    0.0044077938    -0.0051352240     0.0030518691
    0.0065246109    -0.0068007100    -0.0021754953
    0.0046972341    -0.0040302415    -0.0032263276
    0.0026983115    -0.0019380552    -0.0028062291
    0.0012706296    -0.0023677585     0.0015803896
    0.0018928714    -0.0042305054     0.0018036844
    0.0023518285    -0.0066123888     0.0015593082
    0.0031195060    -0.0079312570    -0.0002506307
    0.0032592753    -0.0058079484    -0.0015669395
    0.0024247178    -0.0033961342    -0.0020581608
    0.0006058921    -0.0030872389     0.0008608523
    0.0003385926    -0.0048611890     0.0006676703
   -0.0002511549    -0.0065177596     0.0005016475
   -0.0001828957    -0.0070826241     0.0005091573
    0.0008164505    -0.0061497561    -0.0000115062
    0.0013461882    -0.0042953625    -0.0008309124
    0.0011760284    -0.0025506553    -0.0011937325
   -0.0004641656    -0.0032528579     0.0000256845
   -0.0014767898    -0.0044425303    -0.0001356504
   -0.0022186480    -0.0051995677     0.0002753570
   -0.0015519699    -0.0051465782     0.0007078602
   -0.0002599864    -0.0042490900     0.0003277123
    0.0004384844    -0.0029567582    -0.0003190724
   -0.0016226631    -0.0027596626    -0.0005561667
   -0.0027886933    -0.0032537848    -0.0002828484
   -0.0029467830    -0.0034763041     0.0005627126
   -0.0017900400    -0.0033429580     0.0009233845
   -0.0005529021    -0.0027675015     0.0004952941
   -0.0024302144    -0.0018333870    -0.0006613363
   -0.0031558310    -0.0019213137     0.0000419850
   -0.0026752769    -0.0020570652     0.0008566463
   -0.0014724865    -0.0020658531     0.0009436639
   -0.0027616714    -0.0009380563     0.0004253296
   -0.0011356786    -0.0021108636    -0.0005758971
   -0.0011975001    -0.0019730527     0.0002050243
   -0.0011330499    -0.0014147303     0.0004469251
   -0.0011413624    -0.0011809916     0.0004292408
   -0.0015272225    -0.0026015500    -0.0013964258
   -0.0018858015    -0.0031778371    -0.0000244593
   -0.0016113820    -0.0021042015     0.0008552210
   -0.0014735498    -0.0012840054     0.0005451435
   -0.0015691758    -0.0012696581     0.0005225152
   -0.0018487509    -0.0024994000    -0.0025974642
   -0.0033280416    -0.0049931174    -0.0013473416
   -0.0032150761    -0.0044179423     0.0015487787
   -0.0020312523    -0.0016788043     0.0013570659
   -0.0021236364    -0.0012427177     0.0003626730
   -0.0021925250    -0.0013766661     0.0008179203
   -0.0017681867    -0.0014458726    -0.0034524537
   -0.0049938668    -0.0055798771    -0.0043811955
   -0.0027421896    -0.0010247456     0.0008535583
   -0.0034337955    -0.0014841920     0.0003434751
   -0.0027529833    -0.0011657758     0.0014520786
   -0.0012727947    -0.0000220454    -0.0033265909
   -0.0048957678    -0.0030127200    -0.0067294368
   -0.0049084991    -0.0012878664     0.0012202215
   -0.0027711174    -0.0004043130     0.0020459941
   -0.0030399381     0.0003285795    -0.0059723652
   -0.0049961430     0.0000235710     0.0023478144
   -0.0021891383     0.0005333573     0.0020985677
   -0.0013144791     0.0020516240    -0.0037907841
   -0.0036040531     0.0014779804     0.0024753534
   -0.0002957137     0.0024736971    -0.0018952150
   -0.0025246097     0.0044105211    -0.0054019117
   -0.0051860860     0.0033468659     0.0022020250
   -0.0020285774     0.0021763486     0.0017591759
   -0.0002860475     0.0041338997    -0.0020259004
   -0.0055153306     0.0057198507     0.0009765011
   -0.0024475679     0.0037210068     0.0013291658
    0.0001366899     0.0064358630    -0.0013700974
   -0.0020468057     0.0055136819     0.0001618386
   -0.0008224288     0.0032698670     0.0002813556
    0.0014787334     0.0046026534     0.0009552959
    0.0016127479     0.0089234498     0.0004037289
   -0.0004518616     0.0073226899    -0.0014082519
   -0.0001546716     0.0044182607    -0.0009075092
    0.0017483822     0.0028522456     0.0020141457
    0.0032861577     0.0057365994     0.0028979861
    0.0014370189     0.0054209063    -0.0027318712
    0.0006475705     0.0030468484    -0.0015881976
    0.0031847440     0.0028827037     0.0037034165
    0.0065520747     0.0058821112     0.0055540630
    0.0043682789     0.0058263083    -0.0051865250
    0.0019031772     0.0032248141    -0.0031889456
    0.0024020106     0.0009459943     0.0033590316
    0.0053385854     0.0017478484     0.0057166985
    0.0039135556     0.0025080549    -0.0051531609
    0.0034694634    -0.0004380285     0.0044714535
    0.0075358202    -0.0014001123     0.0070192056
    0.0063703015     0.0000939126    -0.0067515023
    0.0027623659     0.0005173931    -0.0041082184
    0.0020139464    -0.0012185862     0.0030468107
    0.0042186923    -0.0028829108     0.0048750862
    0.0077907162    -0.0042153140    -0.0064962320
    0.0038392860    -0.0015025909    -0.0048047719
    0.0020944924    -0.0028040585     0.0029378578
    0.0037184503    -0.0058078832     0.0038751593
    0.0041399548    -0.0042356587    -0.0042608840
    0.0021320467    -0.0017689448    -0.0030905707
    0.0009631432    -0.0022419778     0.0016334921
    0.0014461258    -0.0043904433     0.0020078563
    0.0013866777    -0.0078048472     0.0017249545
    0.0029000005    -0.0065438639    -0.0022957748
    0.0020171984    -0.0033411655    -0.0024823220
    0.0004132255    -0.0030325584     0.0008649053
   -0.0001276971    -0.0052527932     0.0004722714
    0.0002216662    -0.0072269081     0.0001228510
    0.0011329369    -0.0044817098    -0.0011124171
    0.0009516978    -0.0024092592    -0.0013726835
   -0.0005895271    -0.0032998813    -0.0002013812
   -0.0022997357    -0.0048640922    -0.0009328866
   -0.0050713583    -0.0060617556    -0.0007553212
   -0.0028425724    -0.0060705085     0.0016782508
   -0.0004497554    -0.0046174201     0.0005108830
    0.0003663581    -0.0029337626    -0.0004362477
   -0.0018412786    -0.0028095681    -0.0011423542
   -0.0041820228    -0.0033265213    -0.0014425063
   -0.0061214172    -0.0035054614    -0.0000541054
   -0.0049395344    -0.0037576054     0.0017662535
   -0.0022274736    -0.0036326792     0.0016517019
   -0.0005382877    -0.0028493296     0.0006115088
   -0.0028872577    -0.0016962391    -0.0015164011
   -0.0048609815    -0.0014530433    -0.0009487303
   -0.0052611564    -0.0014947555     0.0008510521
   -0.0034679010    -0.0019868908     0.0018479252
   -0.0015063748    -0.0021325246     0.0013670823
   -0.0032912996    -0.0004691898    -0.0012259575
   -0.0042902791    -0.0001353386    -0.0000975898
   -0.0037184713    -0.0004681781     0.0012707400
   -0.0021911392    -0.0010703034     0.0015607112
   -0.0006835773    -0.0017368153     0.0000088386
   -0.0007419692    -0.0014603599     0.0002690738
   -0.0007704483    -0.0013063637     0.0003800004
   -0.0006756212    -0.0021603019    -0.0010735210
   -0.0008573734    -0.0025384492    -0.0001942644
   -0.0009337093    -0.0019916574     0.0004085016
   -0.0010140135    -0.0015518133     0.0003965766
   -0.0010654417    -0.0015150445     0.0005188264
   -0.0007595166    -0.0023180266    -0.0019599106
   -0.0012114191    -0.0039568903    -0.0009929503
   -0.0013482784    -0.0035714738     0.0007198291
   -0.0013138930    -0.0019888697     0.0007685711
   -0.0015266443    -0.0017920612     0.0003538273
   -0.0015280474    -0.0018323989     0.0008307571
   -0.0007542125    -0.0018139969    -0.0028449926
   -0.0018246059    -0.0053453989    -0.0031348336
   -0.0021513086    -0.0020207274     0.0005019244
   -0.0026419699    -0.0025700077     0.0004377649
   -0.0020774734    -0.0019960252     0.0015288269
   -0.0005961683    -0.0007175766    -0.0031258846
   -0.0021511800    -0.0045917887    -0.0058357914
   -0.0044176357    -0.0034332831     0.0015965075
   -0.0023500689    -0.0015235507     0.0023908020
   -0.0016122507    -0.0016383045    -0.0063818269
   -0.0054164443    -0.0026276571     0.0036268329
   -0.0020751733    -0.0004762445     0.0027544444
   -0.0007753961     0.0008408411    -0.0047250815
   -0.0044355653    -0.0003400455     0.0043594629
   -0.0001841292     0.0019304113    -0.0027636453
   -0.0026760861     0.0013793506     0.0034233447
   -0.0003759641     0.0037230340    -0.0040442031
   -0.0046664065     0.0034565693     0.0043939738
   -0.0013330313     0.0019930306     0.0020611001
    0.0003791047     0.0034740368    -0.0012809927
   -0.0007514603     0.0071331494    -0.0051894992
   -0.0018208374     0.0035575695     0.0020617590
    0.0008704166     0.0054738353    -0.0007331043
   -0.0018709647     0.0056566247     0.0011456649
    0.0013597283     0.0038624708     0.0012966951
    0.0020583203     0.0080943810     0.0009243268
   -0.0008419597     0.0078063475    -0.0008492413
   -0.0001487411     0.0041309315    -0.0005375774
    0.0027301072     0.0049620966     0.0033308460
    0.0009313797     0.0052114706    -0.0024925831
    0.0023445572     0.0023773104     0.0037574643
    0.0053545877     0.0053119072     0.0065913214
    0.0031583722     0.0057598732    -0.0054933513
    0.0012843159     0.0029618213    -0.0029261937
    0.0039498224     0.0014095529     0.0060323361
    0.0027242941     0.0024250470    -0.0051046921
    0.0024296287    -0.0004497606     0.0043896331
    0.0057965807    -0.0015646078     0.0080072280
    0.0047046831     0.0002886615    -0.0073574150
    0.0018731943     0.0005831796    -0.0038944564
    0.0030395882    -0.0026983765     0.0050668681
    0.0062184498    -0.0040468215    -0.0080171102
    0.0027144591    -0.0011897804    -0.0048916073
    0.0014596374    -0.0024959316     0.0028958137
    0.0027423494    -0.0056927779     0.0042778572
    0.0031200238    -0.0038473797    -0.0047982204
    0.0014808116    -0.0014386416    -0.0030369256
    0.0010136964    -0.0040769779     0.0020588610
    0.0023262681    -0.0064578280    -0.0029509955
    0.0014792497    -0.0029396995    -0.0026611703
    0.0002878797    -0.0027374788     0.0008672375
   -0.0002645171    -0.0051198361     0.0003119025
   -0.0000157322    -0.0075864958     0.0001535545
    0.0008995372    -0.0042088704    -0.0013916846
   -0.0004838338    -0.0031016492    -0.0002874350
   -0.0023656403    -0.0048970300    -0.0017692546
   -0.0033502875    -0.0065296775     0.0029673065
   -0.0003585972    -0.0045910299     0.0004877899
    0.0003119873    -0.0026848462    -0.0005930463
   -0.0015830953    -0.0027178379    -0.0015425163
   -0.0046599507    -0.0031583754    -0.0031017175
   -0.0100254173    -0.0024575343    -0.0026782451
   -0.0115694710    -0.0022932706     0.0020041570
   -0.0063187191    -0.0036380620     0.0040000287
   -0.0020423885    -0.0037290625     0.0022296577
   -0.0003713884    -0.0027472569     0.0005450011
   -0.0026909746    -0.0015578035    -0.0023421719
   -0.0059404078    -0.0006589487    -0.0028566871
   -0.0088409552     0.0004500779    -0.0004506297
   -0.0072533046    -0.0004264335     0.0028984156
   -0.0035188643    -0.0018757099     0.0030126386
   -0.0012118329    -0.0021400147     0.0015710254
   -0.0033289506    -0.0000815413    -0.0022911797
   -0.0055643868     0.0011772363    -0.0014934719
   -0.0060717351     0.0014039895     0.0010570648
   -0.0040992976     0.0000768938     0.0025689067
   -0.0019319237    -0.0010409971     0.0020792701
   -0.0042088260     0.0017668815    -0.0001915645
   -0.0036938754     0.0012628610     0.0014841883
   -0.0003856028    -0.0019087302    -0.0002963390
   -0.0005157126    -0.0017455053     0.0001337210
   -0.0005984749    -0.0015580867     0.0003004552
   -0.0006020766    -0.0014800423     0.0004912486
   -0.0002093684    -0.0017620657    -0.0013820827
   -0.0003209102    -0.0026040780    -0.0007586465
   -0.0005265906    -0.0025158515     0.0001270233
   -0.0007459874    -0.0019481855     0.0003685102
   -0.0008666172    -0.0018739075     0.0003759808
   -0.0008278922    -0.0018094504     0.0007660276
   -0.0001305170    -0.0015570828    -0.0020265561
   -0.0001992308    -0.0034491388    -0.0018372312
   -0.0004477020    -0.0045983718    -0.0001722062
   -0.0008899521    -0.0031586535     0.0008776524
   -0.0012432849    -0.0023022056     0.0003245488
   -0.0014088339    -0.0026575666     0.0005224419
   -0.0011313274    -0.0021385549     0.0013365073
   -0.0000542103    -0.0009142171    -0.0024392586
   -0.0000769423    -0.0035891581    -0.0035551836
   -0.0024341645    -0.0039923179     0.0014518546
   -0.0013822831    -0.0020610144     0.0021860513
    0.0000355842    -0.0021923048    -0.0047064462
   -0.0035073956    -0.0044392469     0.0036438616
   -0.0013707308    -0.0013067950     0.0028144030
    0.0001296833    -0.0001904478    -0.0042913801
   -0.0034705109    -0.0025990695     0.0052958683
   -0.0010820143    -0.0002528328     0.0027653659
    0.0001914953     0.0011663188    -0.0030071897
   -0.0023939226    -0.0001237098     0.0048151669
    0.0003547475     0.0024326143    -0.0052811124
   -0.0013033370     0.0012888108     0.0032696327
    0.0004649783     0.0030207715    -0.0022879431
   -0.0024237828     0.0030612571     0.0047590199
    0.0007713376     0.0053283713    -0.0028082834
   -0.0008428740     0.0030139304     0.0020204317
    0.0010040972     0.0043079186     0.0001124303
    0.0011333299     0.0090699357    -0.0027020165
   -0.0009320693     0.0049467598     0.0015126584
    0.0010291232     0.0030176014     0.0014980335
    0.0019240311     0.0064721298     0.0017412722
   -0.0004339482     0.0071747773    -0.0002772055
    0.0019053211     0.0038645958     0.0033759173
    0.0011499040     0.0093874286    -0.0034992622
    0.0006463986     0.0044716912    -0.0020607217
    0.0014888965     0.0018109298     0.0034135404
    0.0035975709     0.0041637168     0.0066274619
    0.0019895942     0.0050294186    -0.0049936180
    0.0024506367     0.0010355149     0.0055162446
    0.0062950705     0.0021990949     0.0108764334
    0.0044298398     0.0040773107    -0.0091731527
    0.0016410629     0.0021264125    -0.0044438379
    0.0014679437    -0.0003845164     0.0038640755
    0.0036610068    -0.0014000529     0.0077092655
    0.0028781936     0.0004712541    -0.0067998752
    0.0018578280    -0.0022168257     0.0046354235
    0.0040661924    -0.0032064713    -0.0082466319
    0.0016390008    -0.0007978965    -0.0043911940
    0.0008922515    -0.0020216278     0.0026150682
    0.0017538201    -0.0048707715     0.0042172429
    0.0019790508    -0.0030463245    -0.0046829715
    0.0006452077    -0.0034225327     0.0019860989
    0.0004311424    -0.0073912200     0.0017523204
    0.0016361649    -0.0055822810    -0.0033750064
    0.0009425409    -0.0023393808    -0.0025705300
   -0.0001609017    -0.0045195867     0.0003704520
    0.0001380769    -0.0071119550    -0.0003048949
    0.0006420521    -0.0035751898    -0.0015974012
   -0.0002837240    -0.0027164535    -0.0001810328
   -0.0016806635    -0.0045683131    -0.0020047090
   -0.0025210504    -0.0065197650     0.0034656158
   -0.0001403443    -0.0041746997     0.0001708129
   -0.0010426367    -0.0025143939    -0.0015244343
   -0.0037065709    -0.0030044924    -0.0042184992
   -0.0056299781    -0.0035418078     0.0061164580
   -0.0013595805    -0.0036374005     0.0022140312
   -0.0001781712    -0.0024798544     0.0003034571
   -0.0019335604    -0.0015190409    -0.0026750442
   -0.0053556581    -0.0001533882    -0.0049000404
   -0.0115914987     0.0037331296    -0.0043436454
   -0.0074588191     0.0006082328     0.0059068459
   -0.0026718639    -0.0019220063     0.0036578296
   -0.0007618522    -0.0020800901     0.0014276008
   -0.0026240596     0.0000016879    -0.0030674788
   -0.0055889643     0.0023659816    -0.0036098267
   -0.0082390204     0.0047491651    -0.0006788195
   -0.0068482255     0.0032938794     0.0034270289
   -0.0034831514     0.0002749358     0.0037756276
   -0.0013509042    -0.0011194501     0.0022174586
   -0.0027979445     0.0013612729    -0.0025425658
   -0.0045235947     0.0032729006    -0.0016264511
   -0.0049203910     0.0036704480     0.0010526899
   -0.0034335100     0.0018597681     0.0027324145
   -0.0002631394    -0.0014957519     0.0000159687
   -0.0000909178    -0.0017935144    -0.0006346739
   -0.0002371980    -0.0018906932    -0.0001201036
   -0.0003683002    -0.0017511221     0.0001927449
   -0.0003930616    -0.0016838842     0.0003799530
    0.0001116757    -0.0020976519    -0.0011854501
   -0.0000268458    -0.0025805943    -0.0004013672
   -0.0003690106    -0.0023125180     0.0001965451
   -0.0005478579    -0.0021054149     0.0002897491
   -0.0005400482    -0.0021997608     0.0005592177
   -0.0004284080    -0.0018230554     0.0010677999
    0.0003864955    -0.0021719115    -0.0020251292
    0.0005561941    -0.0039255878    -0.0012371139
   -0.0009281260    -0.0031922054     0.0001933147
   -0.0008048123    -0.0031460280     0.0011123598
   -0.0005135282    -0.0019247767     0.0016934945
    0.0005847139    -0.0016332406    -0.0028518574
    0.0014872446    -0.0055213023    -0.0034854659
   -0.0011824428    -0.0040160836     0.0025610580
   -0.0005421263    -0.0015645782     0.0023275334
    0.0005949288    -0.0005313639    -0.0030836511
   -0.0013746343    -0.0034507230     0.0043375612
    0.0004815418     0.0005534813    -0.0026093822
    0.0018508436    -0.0015792213    -0.0066863696
   -0.0011366919    -0.0014880242     0.0048038506
    0.0011947460     0.0010632448    -0.0046796434
   -0.0007032722     0.0002854213     0.0038349878
    0.0007339808     0.0021930764    -0.0026351149
   -0.0017019950     0.0013285716     0.0071721785
    0.0005330641     0.0024372708    -0.0010941115
    0.0013256542     0.0041016551    -0.0040751972
   -0.0006268590     0.0024534906     0.0035703679
    0.0008903683     0.0039961896    -0.0010306298
   -0.0010577331     0.0050530611     0.0046114697
    0.0007606089     0.0032547692     0.0006659383
    0.0014022850     0.0065990603    -0.0004495191
   -0.0013598008     0.0090755418     0.0042465646
   -0.0001193727     0.0038201515     0.0011675246
    0.0013277588     0.0047779346     0.0021909114
    0.0001449981     0.0056593714    -0.0001749896
    0.0011042036     0.0028088175     0.0030346060
    0.0024986837     0.0067044353     0.0053692016
    0.0009384731     0.0075556671    -0.0030852083
    0.0004781454     0.0034814012    -0.0016503269
    0.0019463251     0.0029503722     0.0057399522
    0.0011160890     0.0039469024    -0.0040440376
    0.0012648405     0.0007250841     0.0045206031
    0.0033555772     0.0014845146     0.0097086763
    0.0023151541     0.0033033818    -0.0077367504
    0.0008666212     0.0017208272    -0.0035299355
    0.0018567325    -0.0010565739     0.0064415385
    0.0040131932    -0.0001721256    -0.0117749838
    0.0014556883     0.0005632382    -0.0055284253
    0.0009438335    -0.0016453887     0.0038436141
    0.0022140576    -0.0046549684     0.0073252035
    0.0021055393    -0.0021377161    -0.0072032078
    0.0008395101    -0.0004528915    -0.0035904568
    0.0009213055    -0.0037193609     0.0037442344
    0.0022131036    -0.0063282031    -0.0067001723
    0.0010310715    -0.0021513065    -0.0040618008
    0.0003498199    -0.0026473843     0.0018108420
    0.0003159199    -0.0059804446     0.0019838963
    0.0009323984    -0.0042814350    -0.0033761176
   -0.0000474723    -0.0036571195     0.0005703533
   -0.0013460076    -0.0071868061    -0.0018727484
    0.0002442092    -0.0059506764    -0.0010392000
    0.0003798443    -0.0027852920    -0.0016529445
   -0.0008571037    -0.0039550167    -0.0015397981
   -0.0012105682    -0.0060207687     0.0025981428
   -0.0000000968    -0.0034866660    -0.0002707731
   -0.0005354220    -0.0022166164    -0.0011591075
   -0.0020814776    -0.0029117288    -0.0040048450
   -0.0082867668    -0.0006997783    -0.0110019568
   -0.0032845707    -0.0037703949     0.0062297204
   -0.0006613627    -0.0033328701     0.0016170623
   -0.0010681643    -0.0015292300    -0.0023870394
   -0.0033696217    -0.0003953188    -0.0056263134
   -0.0051251678     0.0004100241     0.0077475546
   -0.0014878521    -0.0020849186     0.0033604347
   -0.0015736872    -0.0002404705    -0.0031459451
   -0.0039989790     0.0024740087    -0.0052531035
   -0.0080962594     0.0080524620    -0.0043730530
   -0.0093312562     0.0097269777     0.0025937486
   -0.0054605283     0.0040568346     0.0060393620
   -0.0021757411    -0.0000764223     0.0041415874
   -0.0036205129     0.0040184818    -0.0033266768
   -0.0050948508     0.0065545305    -0.0006168422
   -0.0043407543     0.0051109919     0.0030357723
   -0.0023956449     0.0017559145     0.0036224145
   -0.0028953217     0.0043007862     0.0008642030
   -0.0000925995    -0.0015266590    -0.0001787579
   -0.0001354557    -0.0015061065     0.0001286115
    0.0000942501    -0.0014709183    -0.0008889174
   -0.0000058966    -0.0018136241    -0.0004433719
   -0.0001430173    -0.0018572102     0.0000081736
   -0.0001677508    -0.0017838274     0.0002842765
   -0.0001079024    -0.0017131879     0.0005426250
    0.0002730164    -0.0014185075    -0.0013475747
    0.0002650412    -0.0021185737    -0.0008978615
   -0.0000116653    -0.0023843535    -0.0002126103
   -0.0002304314    -0.0022779670     0.0002146497
   -0.0001661193    -0.0022950696     0.0003928472
   -0.0000697292    -0.0021883195     0.0008770331
    0.0004555380    -0.0011051770    -0.0018216620
    0.0007978443    -0.0023599481    -0.0016766533
    0.0006381007    -0.0035125941    -0.0007629572
   -0.0000969947    -0.0036590646     0.0006365498
   -0.0000137650    -0.0027443328     0.0016169472
    0.0005414094    -0.0005050237    -0.0021041446
    0.0013887080    -0.0021288933    -0.0027474090
   -0.0000014639    -0.0063364852     0.0022004461
    0.0000334765    -0.0027881611     0.0027668456
    0.0005019298     0.0002120117    -0.0020288039
    0.0015616606    -0.0010277287    -0.0034431688
    0.0000624346    -0.0018489840     0.0035833859
    0.0012434347     0.0003940595    -0.0031924281
    0.0000790065    -0.0004765269     0.0034315283
    0.0008235692     0.0014142157    -0.0023400574
    0.0001256531    -0.0006824833     0.0070184532
    0.0005374261     0.0018999102    -0.0013410559
    0.0017073382     0.0025526933    -0.0036904504
    0.0001485183     0.0013620185     0.0043024351
    0.0009096120     0.0031646197    -0.0016245389
    0.0002112789     0.0037022644     0.0073791388
    0.0005961890     0.0030150353    -0.0001107887
    0.0013739931     0.0053861424    -0.0019907474
    0.0002441271     0.0035121675     0.0027114833
    0.0009122663     0.0047459462     0.0007449570
    0.0003902769     0.0060875192     0.0024254750
    0.0006948874     0.0033689273     0.0021466718
    0.0014251556     0.0076046837     0.0027304040
    0.0006481774     0.0092536832     0.0004272760
    0.0003911494     0.0040542458    -0.0003423055
    0.0011579264     0.0045108732     0.0047090926
    0.0006950684     0.0054164566    -0.0025367090
    0.0008055357     0.0019827818     0.0044640197
    0.0020604648     0.0050847483     0.0094350597
    0.0013382466     0.0063943697    -0.0066008798
    0.0005583794     0.0028745556    -0.0030529725
    0.0012770963     0.0009553370     0.0074448384
    0.0009493847     0.0024600672    -0.0057751120
    0.0006966749    -0.0007066330     0.0048785059
    0.0018095172    -0.0025712855     0.0104745322
    0.0015368080     0.0002304193    -0.0092043659
    0.0005842496     0.0005585711    -0.0041373871
    0.0008221601    -0.0031609624     0.0058553432
    0.0007981491    -0.0012368653    -0.0055657800
    0.0003427320    -0.0026167699     0.0030561304
    0.0005654417    -0.0067602234     0.0047488583
    0.0008773887    -0.0042336052    -0.0058708938
    0.0004035754    -0.0013947612    -0.0032415438
    0.0001276703    -0.0043833583     0.0020180122
    0.0004799699    -0.0075200768    -0.0034991471
    0.0003707241    -0.0029907157    -0.0029933239
   -0.0000206853    -0.0027648811     0.0007415921
   -0.0004681742    -0.0056684124    -0.0006752338
    0.0001347948    -0.0044907995    -0.0015388381
   -0.0003330978    -0.0031912305    -0.0008168528
   -0.0016435312    -0.0052712087    -0.0050017589
   -0.0004025370    -0.0050458639     0.0011780312
    0.0000131044    -0.0027066095    -0.0006193850
   -0.0008296514    -0.0027034969    -0.0028939703
   -0.0033957372    -0.0018951240    -0.0096289891
   -0.0012520860    -0.0038768196     0.0044953904
   -0.0002473819    -0.0028392951     0.0008366046
   -0.0014306028    -0.0009943756    -0.0047587404
   -0.0048639653     0.0040153135    -0.0111010919
   -0.0022006697    -0.0008060506     0.0069513728
   -0.0006018897    -0.0021412078     0.0024334648
   -0.0018852137     0.0014835078    -0.0053442540
   -0.0047632226     0.0081445243    -0.0076974269
   -0.0027246525     0.0028527102     0.0069111533
   -0.0009554081    -0.0006675348     0.0035484371
   -0.0019331433     0.0034351165    -0.0042790065
   -0.0034479904     0.0080034162    -0.0031378319
   -0.0038566514     0.0092079246     0.0018349858
   -0.0025058282     0.0048820426     0.0046668635
   -0.0011627574     0.0010248388     0.0036679950
   -0.0021191172     0.0058215432    -0.0004161477
   -0.0018622176     0.0047987343     0.0021970631
    0.0000396370    -0.0014569711    -0.0003948194
    0.0000017917    -0.0015463168    -0.0000255247
    0.0000290088    -0.0014778774     0.0002659943
    0.0001177758    -0.0015806137    -0.0007375717
    0.0000105298    -0.0018486522    -0.0002583478
   -0.0000004310    -0.0018431074     0.0001754819
    0.0001022678    -0.0017366454     0.0004450667
    0.0001819710    -0.0015487125     0.0007240869
    0.0002777526    -0.0008751521    -0.0013356170
    0.0002921602    -0.0015406741    -0.0011972929
    0.0001177553    -0.0021257059    -0.0006850372
   -0.0000446796    -0.0023741476    -0.0000118486
    0.0000896276    -0.0022425428     0.0003731390
    0.0003020171    -0.0021923753     0.0006577650
    0.0003308491    -0.0017869776     0.0011104773
    0.0003602563    -0.0004788376    -0.0015560687
    0.0005521123    -0.0012419683    -0.0017078747
    0.0005085416    -0.0022915400    -0.0013955058
    0.0005131907    -0.0033126212     0.0004508848
    0.0007015518    -0.0030629138     0.0011889617
    0.0004930048    -0.0018658895     0.0017089902
    0.0007654459    -0.0006436788    -0.0021061212
    0.0013070035    -0.0021198741    -0.0023793140
    0.0012262823    -0.0039224265     0.0025816791
    0.0005858155    -0.0015034372     0.0023189271
    0.0007886643     0.0001396276    -0.0021922096
    0.0020058173    -0.0011943037    -0.0032420720
    0.0015117410    -0.0033833387     0.0043317844
    0.0006496366     0.0008718491    -0.0019070937
    0.0018964499     0.0002881734    -0.0033041901
    0.0013220563    -0.0014197246     0.0047748924
    0.0004706987     0.0013757946    -0.0013520291
    0.0013018247     0.0015365351    -0.0026443857
    0.0009130469     0.0003542000     0.0037840939
    0.0007949873     0.0022750253    -0.0016838691
    0.0020447659     0.0014121126     0.0072044471
    0.0004848628     0.0024921556    -0.0006276270
    0.0012815507     0.0037495360    -0.0022773135
    0.0009911214     0.0025461774     0.0034875676
    0.0006841719     0.0039929314    -0.0003340697
    0.0016273907     0.0052198840     0.0045612490
    0.0004027297     0.0033548494     0.0011090565
    0.0008831432     0.0066643285     0.0003055512
    0.0007059126     0.0039642327     0.0010059960
    0.0005132545     0.0050364627     0.0029071221
    0.0008478290     0.0059604414    -0.0004593498
    0.0003016428     0.0029282176     0.0036363609
    0.0006583641     0.0073864155     0.0066885932
    0.0008987466     0.0082543128    -0.0036903415
    0.0004234268     0.0036516963    -0.0019927138
    0.0003661938     0.0030877329     0.0069014965
    0.0004628451     0.0042096500    -0.0047735687
    0.0001881241     0.0006209756     0.0052203525
    0.0004199842     0.0012498544     0.0117383170
    0.0005004809     0.0035082753    -0.0092524079
    0.0002475420     0.0017486422    -0.0040385073
    0.0001728174    -0.0015114628     0.0074834696
    0.0002462055     0.0004092197    -0.0063971116
    0.0000565594    -0.0019990776     0.0042752293
    0.0001990144    -0.0028105898    -0.0083448433
    0.0001181916    -0.0006352446    -0.0040103913
   -0.0000368981    -0.0044089026     0.0040084862
    0.0000706200    -0.0025800833    -0.0045144792
   -0.0000578138    -0.0030076389     0.0018240675
   -0.0002501382    -0.0069932321     0.0014476815
   -0.0000381872    -0.0050137776    -0.0035534308
    0.0000189986    -0.0019617823    -0.0024410460
   -0.0001775313    -0.0041088740     0.0002070437
   -0.0002470249    -0.0068078926    -0.0003944163
   -0.0000479173    -0.0031372737    -0.0016528506
   -0.0003758417    -0.0043032441    -0.0026256575
   -0.0005976615    -0.0065067060     0.0047132589
   -0.0001551192    -0.0038561870     0.0000729823
   -0.0002158502    -0.0023242798    -0.0016966214
   -0.0006626599    -0.0026917229    -0.0061401149
   -0.0011039612    -0.0029297743     0.0102860029
   -0.0003056535    -0.0035174453     0.0024765489
   -0.0003299731    -0.0013875859    -0.0032615217
   -0.0009617927     0.0010375067    -0.0085869889
   -0.0015520930     0.0036339531     0.0127245803
   -0.0004795344    -0.0017879186     0.0047565358
   -0.0004312629     0.0003004014    -0.0042313314
   -0.0010787627     0.0050777246    -0.0079039265
   -0.0015402284     0.0086184941     0.0094868300
   -0.0006118840     0.0008982314     0.0057467321
   -0.0004733289     0.0020679719    -0.0040591043
   -0.0009292033     0.0067133322    -0.0048020899
   -0.0013407726     0.0113068105    -0.0010324373
   -0.0011374185     0.0088002643     0.0043800605
   -0.0006275065     0.0031795948     0.0048988011
   -0.0006623949     0.0058842082    -0.0018799099
   -0.0007165486     0.0065149161     0.0011228878
   -0.0005301367     0.0040068742     0.0030660242
    0.0001096008    -0.0015350885    -0.0002186267
    0.0001390273    -0.0015216052     0.0001569152
    0.0001852326    -0.0012994622    -0.0009468373
    0.0000985255    -0.0017567837    -0.0005570543
    0.0000899512    -0.0019092913    -0.0000038289
    0.0002208344    -0.0017462198     0.0003914045
    0.0003635769    -0.0015364588     0.0006240713
    0.0002650404    -0.0010856307    -0.0013304418
    0.0001075469    -0.0018120554    -0.0010811258
   -0.0000467408    -0.0024123294    -0.0003910334
    0.0001278867    -0.0023283411     0.0003577845
    0.0004713953    -0.0019987597     0.0006136860
    0.0006377681    -0.0017653415     0.0009061532
    0.0003643616    -0.0006561753    -0.0016313829
    0.0002039184    -0.0015240919    -0.0017113321
   -0.0002917801    -0.0030239454    -0.0013133827
    0.0011106395    -0.0025843083     0.0008312082
    0.0010282779    -0.0020044735     0.0014164406
    0.0004338622    -0.0000916623    -0.0017436318
    0.0004224007    -0.0008276150    -0.0021976240
    0.0023438711    -0.0037881750     0.0016386089
    0.0013725801    -0.0019026669     0.0021866812
    0.0004314933     0.0004777743    -0.0016228568
    0.0006280898     0.0000800355    -0.0023249194
    0.0036373660    -0.0043137066     0.0037122168
    0.0014311750    -0.0011651212     0.0027669556
    0.0006602723     0.0009233144    -0.0021056582
    0.0036953790    -0.0024878042     0.0053117687
    0.0011860075    -0.0001316480     0.0026979698
    0.0005409471     0.0015642170    -0.0016120867
    0.0026194258     0.0000289273     0.0047339016
    0.0003706160     0.0019134918    -0.0009144178
    0.0007841685     0.0025317595    -0.0020543832
    0.0015315772     0.0014399055     0.0031401350
    0.0004835253     0.0030476781    -0.0009169949
    0.0028271564     0.0032815329     0.0046617376
    0.0002354870     0.0029317844     0.0002429967
    0.0005971023     0.0049719160    -0.0009878501
    0.0012293052     0.0032307272     0.0018031137
    0.0001795519     0.0045768139     0.0011974920
    0.0015623370     0.0053580518     0.0012128478
   -0.0000412303     0.0032705858     0.0023990574
   -0.0000585363     0.0073953466     0.0032783099
    0.0015120636     0.0081659292    -0.0006827100
    0.0005777962     0.0037878059    -0.0007767282
   -0.0003506678     0.0043713366     0.0050406293
    0.0003861246     0.0050715672    -0.0029736952
   -0.0003464965     0.0018726305     0.0046423093
   -0.0010609281     0.0048603416     0.0098969799
   -0.0001740641     0.0060489578    -0.0070603238
    0.0000351448     0.0027095250    -0.0032667916
   -0.0007719547     0.0007667364     0.0076596747
   -0.0003222154     0.0022567959    -0.0060071944
   -0.0004668316    -0.0008361586     0.0049558954
   -0.0013648863    -0.0029359440     0.0106095210
   -0.0009142741    -0.0000599652    -0.0094385719
   -0.0002525950     0.0004336981    -0.0042418564
   -0.0006981190    -0.0033672483     0.0058634570
   -0.0005160392    -0.0014078732    -0.0056438517
   -0.0003482096    -0.0027294764     0.0030188331
   -0.0007479748    -0.0070513655     0.0045046589
   -0.0007483250    -0.0044644882    -0.0058414057
   -0.0002823801    -0.0014918500    -0.0032570066
   -0.0003341470    -0.0045210894     0.0018555641
   -0.0007074080    -0.0077701143    -0.0031835274
   -0.0003615770    -0.0031063537    -0.0029456030
   -0.0001533054    -0.0028264831     0.0006304484
   -0.0001076869    -0.0057918426    -0.0010961886
   -0.0003288463    -0.0046038814    -0.0013689636
   -0.0000398291    -0.0032280700    -0.0010413342
    0.0004577242    -0.0052474117    -0.0059182670
   -0.0001121468    -0.0051022398     0.0015509885
   -0.0001591827    -0.0027552622    -0.0005166688
    0.0001826896    -0.0026570102    -0.0032804498
    0.0013823247    -0.0013423206    -0.0112541962
    0.0003029259    -0.0037626727     0.0051559437
   -0.0000620465    -0.0028518762     0.0010221609
    0.0004795700    -0.0007707380    -0.0053068673
    0.0022034558     0.0054760448    -0.0129775750
    0.0008052537    -0.0003474926     0.0078565303
    0.0001000713    -0.0020773150     0.0027106281
    0.0007221778     0.0019334411    -0.0059261586
    0.0021821522     0.0099597717    -0.0088818100
    0.0011103089     0.0036614431     0.0077465400
    0.0002793350    -0.0004887866     0.0038839962
    0.0007698087     0.0040017195    -0.0047092318
    0.0015196088     0.0093423801    -0.0035425612
    0.0017267130     0.0108039731     0.0020379666
    0.0010370319     0.0057321059     0.0051553216
    0.0003987111     0.0013094815     0.0039802277
    0.0006337834     0.0044909575    -0.0026905350
    0.0008762199     0.0065768361    -0.0004702953
    0.0007494019     0.0054303043     0.0023815645
    0.0002360802    -0.0015582989     0.0000018328
    0.0002042974    -0.0015848814    -0.0008274816
    0.0001787989    -0.0019644562    -0.0002742429
    0.0002840285    -0.0018532069     0.0003042375
    0.0004527691    -0.0015172827     0.0005884186
    0.0001911290    -0.0014885115    -0.0013473197
    0.0000146227    -0.0024062383    -0.0008594426
    0.0000895589    -0.0026585248     0.0001510260
    0.0004397173    -0.0020334823     0.0007159440
    0.0007446894    -0.0015840288     0.0008244414
    0.0007675301    -0.0012231857     0.0010070347
    0.0002109381    -0.0010556573    -0.0018276708
   -0.0002529699    -0.0026303309    -0.0019040115
   -0.0005301412    -0.0045339456    -0.0006159789
    0.0009296892    -0.0020903052     0.0010467328
    0.0012583491    -0.0016876405     0.0010999829
    0.0010060484    -0.0011148955     0.0013438709
    0.0002806857    -0.0003545025    -0.0020496836
   -0.0004253118    -0.0020606396    -0.0030742309
    0.0021784850    -0.0024293983     0.0011765513
    0.0019096683    -0.0017244799     0.0016359961
    0.0003505011     0.0003855440    -0.0019446375
   -0.0002512097    -0.0006268324    -0.0034312009
    0.0042779018    -0.0031192236     0.0019529983
    0.0022974423    -0.0012563897     0.0023544227
    0.0003536750     0.0009904761    -0.0015920763
    0.0001128938     0.0007621583    -0.0028760340
    0.0055820250    -0.0023992904     0.0037055231
    0.0021067967    -0.0002521448     0.0026526406
    0.0003227987     0.0016786071    -0.0020987412
    0.0046319711    -0.0000945348     0.0042757426
    0.0015518601     0.0007047985     0.0022800455
    0.0002964285     0.0022188979    -0.0012633061
    0.0028479215     0.0016352717     0.0032338318
    0.0001482589     0.0023576892    -0.0003667450
    0.0002707573     0.0035453244    -0.0015705651
    0.0051072086     0.0037748713     0.0044395673
    0.0015320712     0.0022411007     0.0018414214
    0.0000421094     0.0036888748     0.0000023385
    0.0021511495     0.0039511023     0.0017769440
   -0.0001780469     0.0030784844     0.0012061556
   -0.0002212450     0.0060122090     0.0007979423
    0.0024569787     0.0064723998     0.0009660230
    0.0008766908     0.0033248589     0.0001279832
   -0.0006159749     0.0045055193     0.0028638494
    0.0007074661     0.0048441130    -0.0012718932
   -0.0006647697     0.0026205368     0.0034221105
   -0.0016605908     0.0063698655     0.0062519330
   -0.0000303560     0.0066870358    -0.0040744355
    0.0000628545     0.0031255974    -0.0021604482
   -0.0014494148     0.0026597708     0.0062402812
   -0.0005380491     0.0035261880    -0.0045772237
   -0.0009886764     0.0005002784     0.0047580037
   -0.0028259653     0.0009415953     0.0102975313
   -0.0017163173     0.0027944329    -0.0083436019
   -0.0005191618     0.0014698333    -0.0038034177
   -0.0016100768    -0.0014328305     0.0066500127
   -0.0011217939     0.0002290897    -0.0057996028
   -0.0008496070    -0.0018781072     0.0038780450
   -0.0020797091    -0.0052732019     0.0072420981
   -0.0018358774    -0.0026218331    -0.0073729445
   -0.0006626781    -0.0006588045    -0.0036933223
   -0.0009391839    -0.0040449190     0.0035993973
   -0.0009210496    -0.0024190393    -0.0040763156
   -0.0004160891    -0.0028135739     0.0016681663
   -0.0005408608    -0.0063652325     0.0014148223
   -0.0009527245    -0.0045962753    -0.0031801817
   -0.0001605677    -0.0038201126     0.0002136255
    0.0008172030    -0.0074837609    -0.0033222258
   -0.0004764300    -0.0062283124    -0.0004437890
   -0.0004341194    -0.0029366959    -0.0015042668
    0.0004508410    -0.0040221502    -0.0022510869
    0.0007001211    -0.0060736985     0.0038396504
   -0.0001863744    -0.0035973013     0.0000594858
    0.0002574740    -0.0022115800    -0.0015301426
    0.0014507751    -0.0026727252    -0.0051957270
    0.0025089260    -0.0031887970     0.0083007466
    0.0003099046    -0.0033157750     0.0021886616
    0.0006641272    -0.0013808958    -0.0029165834
    0.0025542107     0.0004342780    -0.0071610462
    0.0041792960     0.0020811355     0.0101553770
    0.0009702309    -0.0018130356     0.0041656577
    0.0010653416     0.0001159553    -0.0037613590
    0.0030971340     0.0038569778    -0.0065959710
    0.0069772420     0.0121249653    -0.0059202859
    0.0044405612     0.0063456480     0.0077037294
    0.0015391831     0.0005281504     0.0050124978
    0.0027575110     0.0054447664    -0.0040829066
    0.0040627051     0.0089413454    -0.0008248146
    0.0033893479     0.0070125354     0.0037032344
    0.0017264971     0.0025707504     0.0043017123
    0.0019742560     0.0049907429    -0.0016394902
    0.0021422986     0.0054944851     0.0009960265
    0.0003481084    -0.0018840368    -0.0005871358
    0.0004039045    -0.0019999570     0.0000959164
    0.0005197639    -0.0016106154     0.0005567030
    0.0003477012    -0.0010876044    -0.0014103686
    0.0002922920    -0.0021277412    -0.0012573617
    0.0002969590    -0.0029176335    -0.0003278001
    0.0004746746    -0.0024405228     0.0006941791
    0.0007271474    -0.0015767918     0.0009132510
    0.0008558679    -0.0011149671     0.0009210921
    0.0003496781    -0.0006289255    -0.0016985289
    0.0002095456    -0.0019620419    -0.0021321669
    0.0000367936    -0.0043738091    -0.0016067186
    0.0002254462    -0.0049195239     0.0007487246
    0.0006740129    -0.0025541472     0.0015777079
    0.0011195083    -0.0013645007     0.0011463526
    0.0011582747    -0.0009635381     0.0011442147
    0.0003469997    -0.0000372920    -0.0017347826
    0.0001674716    -0.0011570053    -0.0027591654
   -0.0003057069    -0.0054226614    -0.0043111259
    0.0012666005    -0.0020351380     0.0021603884
    0.0017648025    -0.0011247927     0.0012865805
    0.0014164356    -0.0006795010     0.0014067974
    0.0002059791    -0.0000260548    -0.0027224169
    0.0024352208    -0.0007784792     0.0016092914
    0.0014700305    -0.0002048223     0.0016016201
    0.0002619243     0.0009160000    -0.0021936886
   -0.0003792686    -0.0004873730    -0.0058784134
    0.0026023653    -0.0000545547     0.0019933916
    0.0002412681     0.0015140262    -0.0014976584
   -0.0000395487     0.0015718764    -0.0036996784
    0.0048072217     0.0004082937     0.0023789557
    0.0021447000     0.0008263679     0.0019673728
    0.0001227056     0.0024818893    -0.0020422498
    0.0035544155     0.0018318442     0.0023079944
    0.0014561111     0.0014270783     0.0014816079
    0.0000208500     0.0027990180    -0.0007651785
    0.0000486893     0.0041377589    -0.0032734108
    0.0020924015     0.0025497806     0.0015151947
   -0.0002022749     0.0044912670    -0.0006520856
    0.0026114246     0.0043040483     0.0011691361
    0.0010612971     0.0025676195     0.0005536871
   -0.0005551150     0.0039211981     0.0011248102
   -0.0005203815     0.0075431556    -0.0003661881
    0.0026332795     0.0068670950     0.0006082304
    0.0010421400     0.0039156384    -0.0002187205
   -0.0007088495     0.0027791337     0.0020755851
   -0.0014419662     0.0059451259     0.0029218739
    0.0005028315     0.0057568968    -0.0017986994
   -0.0015641388     0.0035192811     0.0040911832
   -0.0009845865     0.0082631457    -0.0047484853
   -0.0003536377     0.0038464168    -0.0028720130
   -0.0012592075     0.0015408112     0.0038136467
   -0.0032770550     0.0036430216     0.0075532146
   -0.0016972103     0.0043738142    -0.0058531266
   -0.0005561155     0.0021341005    -0.0029061441
   -0.0022351328     0.0005994865     0.0059718436
   -0.0041667913     0.0032411162    -0.0101824371
   -0.0014003646     0.0016831301    -0.0049192596
   -0.0013419043    -0.0006950446     0.0040405193
   -0.0034733545    -0.0021640838     0.0080641504
   -0.0026687638    -0.0001479037    -0.0072714351
   -0.0017719637    -0.0026880208     0.0046773604
   -0.0038791794    -0.0041538186    -0.0084153544
   -0.0015055090    -0.0011914662    -0.0045586736
   -0.0008699740    -0.0022943377     0.0025412633
   -0.0017103218    -0.0055213684     0.0038552340
   -0.0018960321    -0.0035666131    -0.0046479412
   -0.0006816640    -0.0037493548     0.0016692518
   -0.0016035204    -0.0061683794    -0.0028727751
   -0.0009165114    -0.0026177815    -0.0024702461
    0.0000691407    -0.0048207771    -0.0003829420
   -0.0001012132    -0.0075579609     0.0009979230
   -0.0006795154    -0.0038512995    -0.0012560868
    0.0001640340    -0.0028208440    -0.0006418841
    0.0016009130    -0.0046320409    -0.0034335952
    0.0000391052    -0.0043435054     0.0008698942
    0.0008714966    -0.0024597574    -0.0022640162
    0.0037795590    -0.0023887573    -0.0063892802
    0.0063513493    -0.0021760441     0.0095624929
    0.0012268638    -0.0035138590     0.0033407728
    0.0000686453    -0.0025298421     0.0006979357
    0.0017348466    -0.0011576404    -0.0036544444
    0.0055909613     0.0015164406    -0.0072167775
    0.0083891825     0.0035522376     0.0089153433
    0.0025524682    -0.0012769317     0.0050794750
    0.0005994765    -0.0019761429     0.0019902833
    0.0024112158     0.0007405985    -0.0040720901
    0.0057242136     0.0046221669    -0.0051486154
    0.0090455145     0.0088878894    -0.0011384548
    0.0073047319     0.0064531853     0.0048456718
    0.0033576364     0.0014537430     0.0050664008
    0.0011490550    -0.0007955978     0.0028744281
    0.0025599752     0.0023267587    -0.0032989452
    0.0044105445     0.0052197578    -0.0022304797
    0.0048653071     0.0058999791     0.0013512856
    0.0032400465     0.0032002042     0.0035335281
    0.0006182969    -0.0019763992    -0.0002212957
    0.0006642203    -0.0017542421     0.0004163790
    0.0005737176    -0.0015670045    -0.0013965577
    0.0007078648    -0.0026345910    -0.0008561567
    0.0007973892    -0.0027799135     0.0003231298
    0.0008294504    -0.0018519513     0.0009607788
    0.0008792760    -0.0010932353     0.0009488438
    0.0005644109    -0.0011821016    -0.0019442093
    0.0007948851    -0.0031298782    -0.0020732486
    0.0011230593    -0.0049856841    -0.0004163275
    0.0010744011    -0.0036084868     0.0015725169
    0.0010423467    -0.0015489849     0.0014843984
    0.0011248050    -0.0008060250     0.0011150243
    0.0005126177    -0.0004625714    -0.0021796689
    0.0008055990    -0.0026964734    -0.0035333138
    0.0014221956    -0.0035577710     0.0034083418
    0.0013661025    -0.0008927381     0.0016422733
    0.0013966408    -0.0004496122     0.0012159553
    0.0004310171     0.0003175357    -0.0019973355
    0.0006586320    -0.0011222787    -0.0040889755
    0.0018478576    -0.0002257273     0.0014755814
    0.0015609708    -0.0000207036     0.0013068736
    0.0004648356     0.0005317414    -0.0033925099
    0.0022374903     0.0003844237     0.0013995795
    0.0014835456     0.0004707990     0.0013100643
    0.0003080272     0.0015477431    -0.0022701330
    0.0009440635     0.0008928421    -0.0074653331
    0.0029519633     0.0010941249     0.0016618451
    0.0021560632     0.0010514577     0.0013888971
    0.0001303298     0.0020080697    -0.0012238973
    0.0003210715     0.0027339910    -0.0037304885
    0.0028612547     0.0020156966     0.0013218704
    0.0016490452     0.0016046715     0.0011437615
   -0.0000118543     0.0032468609    -0.0015226911
    0.0020409295     0.0027085675     0.0009337289
   -0.0003418689     0.0031244199    -0.0000338192
   -0.0001881069     0.0053875705    -0.0018430292
    0.0021620683     0.0042943923     0.0006480882
    0.0011162367     0.0028580594     0.0002493037
   -0.0009292596     0.0047861611     0.0007139379
    0.0008333623     0.0042941826    -0.0005691273
   -0.0012672920     0.0034813516     0.0021409145
   -0.0022554019     0.0073014149     0.0023905964
   -0.0001098245     0.0064077638    -0.0020154008
   -0.0000229535     0.0034415593    -0.0015130639
   -0.0027229891     0.0044665664     0.0043321158
   -0.0011232110     0.0044686575    -0.0034024048
   -0.0022702806     0.0019607765     0.0043617167
   -0.0055210206     0.0045929848     0.0078323400
   -0.0034027978     0.0050591541    -0.0065270932
   -0.0012590219     0.0024717531    -0.0035223416
   -0.0015909445     0.0004127495     0.0035065150
   -0.0039407205     0.0007279699     0.0067061749
   -0.0027416160     0.0018156743    -0.0057518347
   -0.0023715995    -0.0009591876     0.0046551258
   -0.0057508588    -0.0027853166     0.0084379104
   -0.0047659267    -0.0006336197    -0.0079666839
   -0.0018179585     0.0001369231    -0.0042167221
   -0.0013275539    -0.0013997420     0.0029323341
   -0.0029650945    -0.0034723957     0.0050929308
   -0.0026781306    -0.0018085967    -0.0050992276
   -0.0014128795    -0.0029476467     0.0027533956
   -0.0024760606    -0.0067162490     0.0036521255
   -0.0030415963    -0.0046639511    -0.0046438165
   -0.0014375392    -0.0018164423    -0.0030580136
   -0.0009139019    -0.0046017754     0.0015296568
   -0.0020385654    -0.0073186165    -0.0020720863
   -0.0014366744    -0.0033787842    -0.0024511535
   -0.0002689992    -0.0029840129     0.0004594750
    0.0005550341    -0.0055693889    -0.0008390838
   -0.0008127823    -0.0046204332    -0.0008033443
    0.0005493107    -0.0032450609    -0.0010215869
    0.0031025868    -0.0049358700    -0.0037034242
    0.0005761281    -0.0047975795     0.0015699867
   -0.0003022639    -0.0028665589    -0.0001994145
    0.0017593032    -0.0025841135    -0.0026270713
    0.0060195292    -0.0022466436    -0.0055233849
    0.0089471020    -0.0019794434     0.0070634722
    0.0024992829    -0.0034596061     0.0037722555
    0.0004006718    -0.0027863846     0.0011767818
    0.0030036950    -0.0009605994    -0.0036092563
    0.0075181825     0.0013221700    -0.0048177406
    0.0122248186     0.0042151188    -0.0010372972
    0.0096973182     0.0023908912     0.0047247627
    0.0041953001    -0.0009028264     0.0046458874
    0.0012842515    -0.0019225507     0.0023949809
    0.0036818383     0.0009649843    -0.0033834011
    0.0066720776     0.0034241959    -0.0024017685
    0.0074308188     0.0040078656     0.0015140020
    0.0047366014     0.0015633670     0.0037483755
    0.0020393637    -0.0005069520     0.0029325024
    0.0034929297     0.0022228252    -0.0022218265
    0.0046956968     0.0035156397    -0.0003458082
    0.0040630956     0.0027354493     0.0020341991
    0.0009832017    -0.0019155661    -0.0011266888
    0.0012003003    -0.0025494389    -0.0002368438
    0.0011418299    -0.0020916380     0.0007258230
    0.0009899576    -0.0012165392     0.0009693279
    0.0010983904    -0.0017841325    -0.0019268159
    0.0017404405    -0.0035648305    -0.0012740073
    0.0018928946    -0.0038066041     0.0007028326
    0.0014017335    -0.0020595615     0.0015674335
    0.0011385288    -0.0008476591     0.0012414143
    0.0010591574    -0.0010881628    -0.0025329723
    0.0023609705    -0.0039820811    -0.0032103226
    0.0040272008    -0.0073219632    -0.0006018809
    0.0029276214    -0.0048336555     0.0028836228
    0.0015355751    -0.0013524271     0.0022247078
    0.0012840070    -0.0003363236     0.0012965457
    0.0008530782    -0.0000745924    -0.0025581872
    0.0024235332    -0.0026332118    -0.0049381543
    0.0015610171    -0.0002478948     0.0021537403
    0.0014081591     0.0001706395     0.0012131575
    0.0005806394     0.0007988704    -0.0020666542
    0.0017092824    -0.0002551597    -0.0048129641
    0.0016463578     0.0006500496     0.0016065888
    0.0014124002     0.0006345703     0.0010979786
    0.0009044191     0.0014353982    -0.0033769331
    0.0019714280     0.0013021796     0.0031209157
    0.0016888331     0.0012736481     0.0011690217
    0.0003451548     0.0021839920    -0.0018952521
    0.0019789422     0.0029759154    -0.0060044451
    0.0018073685     0.0021897822     0.0014942230
    0.0014560071     0.0017523157     0.0008460340
    0.0004190695     0.0037143526    -0.0025937189
    0.0014913780     0.0027892222     0.0007061994
    0.0009932644     0.0020026160     0.0004377773
   -0.0003679579     0.0036107145    -0.0005568257
    0.0005878596     0.0063803588    -0.0031716584
    0.0014188790     0.0043251509     0.0007580099
    0.0008603483     0.0030249306     0.0000251216
   -0.0010697801     0.0055297902     0.0000519633
    0.0003312675     0.0044976625    -0.0006441443
    0.0002285020     0.0027525217    -0.0006439880
   -0.0018039846     0.0041138813     0.0019029683
   -0.0027167735     0.0081420084     0.0015156931
   -0.0009247813     0.0067199135    -0.0018341315
   -0.0005123112     0.0037595749    -0.0016997029
   -0.0018539180     0.0024811924     0.0026521856
   -0.0038059786     0.0051891064     0.0039330145
   -0.0021118830     0.0048527707    -0.0034791044
   -0.0008844695     0.0025866120    -0.0021951423
   -0.0033949161     0.0023513333     0.0044295551
   -0.0073688491     0.0051252502     0.0067534759
   -0.0051854728     0.0052944354    -0.0061528772
   -0.0021864001     0.0027021634    -0.0038165789
   -0.0024520818     0.0004887314     0.0037612401
   -0.0056630611     0.0008771051     0.0064850133
   -0.0042832360     0.0018224097    -0.0058551316
   -0.0035345988    -0.0011449234     0.0047970419
   -0.0067604373    -0.0010412247    -0.0073442451
   -0.0028763667    -0.0000608319    -0.0044780042
   -0.0019917429    -0.0017064906     0.0031059995
   -0.0041528091    -0.0039327879     0.0048782880
   -0.0039273532    -0.0023268702    -0.0049979863
   -0.0019901927    -0.0034418023     0.0027320642
   -0.0031486544    -0.0071150652     0.0031768042
   -0.0040099023    -0.0052974487    -0.0039785825
   -0.0021199450    -0.0022917444    -0.0030731967
   -0.0008872778    -0.0026004630     0.0013783717
   -0.0011058007    -0.0050979334     0.0013477392
   -0.0022309248    -0.0075988884    -0.0012720831
   -0.0019069778    -0.0039334109    -0.0021548161
   -0.0002293620    -0.0033710252     0.0003173736
    0.0009496995    -0.0058208848    -0.0007699642
   -0.0008025473    -0.0050052536    -0.0003480291
   -0.0008840255    -0.0027219751    -0.0010821264
    0.0009773822    -0.0034774844    -0.0010957915
    0.0038513398    -0.0049322533    -0.0026410001
    0.0053846296    -0.0060009210     0.0036952197
    0.0011438574    -0.0048494526     0.0017237429
   -0.0002130388    -0.0031614550     0.0001073613
    0.0025085155    -0.0026240953    -0.0023015434
    0.0063312580    -0.0025267408    -0.0030659191
    0.0100543771    -0.0019577137    -0.0004945708
    0.0079569553    -0.0026162275     0.0032398041
    0.0033452379    -0.0033087014     0.0030955262
    0.0008252109    -0.0028676647     0.0013987115
    0.0037622881    -0.0010113334    -0.0026536759
    0.0068873464     0.0000535303    -0.0018621923
    0.0076402607     0.0002462678     0.0013183339
    0.0047804750    -0.0010161726     0.0030642793
    0.0019345689    -0.0018232644     0.0022742157
    0.0041256700     0.0005835087    -0.0020157283
    0.0056191599     0.0014281693    -0.0002787937
    0.0048058924     0.0008335686     0.0019312234
    0.0026782092    -0.0004255049     0.0023671290
    0.0038396995     0.0016097168     0.0006799678
    0.0014431102    -0.0019468002     0.0002632993
    0.0017320243    -0.0020159164    -0.0014432601
    0.0022564682    -0.0028734323    -0.0002508083
    0.0019400890    -0.0022100186     0.0010780014
    0.0013584684    -0.0010255364     0.0012626575
    0.0019063714    -0.0015688336    -0.0023507351
    0.0034874975    -0.0036810389    -0.0016540122
    0.0037815069    -0.0040048301     0.0010514312
    0.0022809649    -0.0018409586     0.0021111676
    0.0013874591    -0.0004404361     0.0014762144
    0.0016861064    -0.0005266880    -0.0027949296
    0.0043859772    -0.0031484199    -0.0037779186
    0.0053779821    -0.0039885444     0.0035836309
    0.0021607917    -0.0006995682     0.0026494016
    0.0013410080     0.0002084237     0.0013742062
    0.0011809232     0.0005816857    -0.0025079466
    0.0038153942    -0.0009400590    -0.0048882963
    0.0051327689    -0.0016024024     0.0054521320
    0.0017383965     0.0005545312     0.0022566680
    0.0012606383     0.0007430075     0.0011121179
    0.0022845449     0.0012119469    -0.0040788111
    0.0031484201     0.0011143947     0.0044495786
    0.0014120930     0.0013739258     0.0014881738
    0.0011021055     0.0011387376     0.0008269874
    0.0009868025     0.0022866837    -0.0025283781
    0.0049094912     0.0030658700    -0.0064244756
    0.0017311324     0.0023663786     0.0023759921
    0.0011508336     0.0018571576     0.0008602394
    0.0001510713     0.0025656717    -0.0011422382
    0.0015503315     0.0040813048    -0.0033165688
    0.0028794459     0.0042494877     0.0037627116
    0.0010796206     0.0029005528     0.0009800616
    0.0007851396     0.0021069406     0.0003461626
   -0.0000916461     0.0039786067    -0.0010838872
    0.0020147725     0.0069333174    -0.0034003431
    0.0010262268     0.0045420120     0.0011614393
    0.0004943579     0.0031164023     0.0000548970
   -0.0009382214     0.0033518711     0.0004221136
   -0.0008300128     0.0059215386    -0.0005025853
    0.0012601575     0.0100554988    -0.0020562550
    0.0006939774     0.0071543300     0.0008885481
   -0.0001762462     0.0045715754    -0.0004348615
   -0.0000930109     0.0028935950    -0.0006925638
   -0.0021191100     0.0044972346     0.0014250136
   -0.0027096852     0.0080732181     0.0007987883
   -0.0016915557     0.0065614482    -0.0013952047
   -0.0010680389     0.0038911956    -0.0015983512
   -0.0024098040     0.0028008086     0.0024148362
   -0.0043981755     0.0053934208     0.0030182170
   -0.0029968278     0.0048558633    -0.0030195694
   -0.0014503919     0.0027327402    -0.0022193855
   -0.0042729620     0.0025887712     0.0038921880
   -0.0080391442     0.0049708122     0.0047819447
   -0.0063357384     0.0049172961    -0.0047952497
   -0.0030939143     0.0027551485    -0.0036018957
   -0.0032609540     0.0005754741     0.0035939797
   -0.0067294786     0.0010097752     0.0052704240
   -0.0104776775     0.0024931785    -0.0058069638
   -0.0054769345     0.0016890169    -0.0050437364
   -0.0025049387     0.0011012620    -0.0033140702
   -0.0044848532    -0.0011587705     0.0043108784
   -0.0085670493    -0.0024854157     0.0054746303
   -0.0078147313    -0.0011713606    -0.0055771837
   -0.0038411153    -0.0002292459    -0.0041599053
   -0.0026218224    -0.0018663049     0.0029716656
   -0.0049705101    -0.0038340908     0.0040532824
   -0.0048285191    -0.0025343365    -0.0041931453
   -0.0024156563    -0.0010102067    -0.0029993585
   -0.0024829012    -0.0035917172     0.0024574003
   -0.0037350343    -0.0065173087     0.0025714877
   -0.0045100924    -0.0051878352    -0.0029153775
   -0.0027017623    -0.0025689994    -0.0027400968
   -0.0011046347    -0.0028199706     0.0012800572
   -0.0013351012    -0.0050408979     0.0012032865
   -0.0007368044    -0.0078578141     0.0007167513
   -0.0023922225    -0.0069164822    -0.0007621210
   -0.0022120410    -0.0040860699    -0.0016727480
   -0.0014493570    -0.0021211308    -0.0016622910
   -0.0002218308    -0.0034957731     0.0002851659
    0.0008043256    -0.0054861540    -0.0002644694
    0.0027397278    -0.0072917406    -0.0002551098
    0.0008469957    -0.0069010571     0.0010425128
   -0.0007680243    -0.0048773440    -0.0000884089
   -0.0010155223    -0.0029273137    -0.0008321252
    0.0011628065    -0.0034626126    -0.0007958375
    0.0032273164    -0.0046062106    -0.0011244049
    0.0050020881    -0.0052688692     0.0000488861
    0.0038182771    -0.0052889659     0.0015838928
    0.0012933078    -0.0045105651     0.0013074529
   -0.0000962546    -0.0032143193     0.0002771791
    0.0026339979    -0.0026036184    -0.0014514473
    0.0047810274    -0.0028111044    -0.0009362582
    0.0052086934    -0.0029630965     0.0009073406
    0.0031811421    -0.0031104329     0.0018564015
    0.0011115453    -0.0027795221     0.0012529565
    0.0035627062    -0.0012687455    -0.0013688678
    0.0048233325    -0.0010770181    -0.0001097838
    0.0040798140    -0.0013650347     0.0014478676
    0.0021925166    -0.0017512287     0.0016926416
    0.0036036167    -0.0000923812    -0.0007488170
    0.0038378345    -0.0000609050     0.0006111243
    0.0027378254    -0.0005727620     0.0014920725
    0.0021451152    -0.0017782242     0.0003639555
    0.0025030108    -0.0015238984    -0.0015724379
    0.0033550163    -0.0023235394    -0.0002461107
    0.0027672311    -0.0016931441     0.0012560680
    0.0017027008    -0.0005840518     0.0014055165
    0.0025131187    -0.0007211995    -0.0023195956
    0.0046676427    -0.0022139637    -0.0016160322
    0.0050314920    -0.0024344113     0.0010687208
    0.0029323756    -0.0008914591     0.0021491394
    0.0015422754     0.0001148048     0.0014899222
    0.0019716222     0.0003858627    -0.0024592649
    0.0049085609    -0.0008308840    -0.0031094187
    0.0080779372    -0.0022188564    -0.0005100100
    0.0057945134    -0.0011559570     0.0028968682
    0.0024163192     0.0003484803     0.0023574161
    0.0012813901     0.0007475087     0.0012503755
    0.0036133770     0.0010620576    -0.0034415644
    0.0089367205     0.0001364302    -0.0030572336
    0.0044881452     0.0009998879     0.0035742051
    0.0016620394     0.0013459506     0.0018151052
    0.0010115121     0.0011914025     0.0008804226
    0.0018860848     0.0022763698    -0.0025892536
    0.0061228868     0.0028816142    -0.0039487696
    0.0024659168     0.0024266616     0.0026126934
    0.0010717011     0.0019050057     0.0010710413
    0.0005726013     0.0026718106    -0.0013991064
    0.0026736638     0.0040544354    -0.0028399798
    0.0036233767     0.0043888869     0.0029961542
    0.0011201311     0.0029877272     0.0012991534
    0.0005984132     0.0021575467     0.0004203161
    0.0004096461     0.0040698637    -0.0012594628
    0.0027031623     0.0063532452    -0.0021151863
    0.0054761418     0.0082145870    -0.0003703422
    0.0037150872     0.0068980746     0.0020505977
    0.0010469944     0.0045995762     0.0012940584
    0.0002621886     0.0031386153     0.0002519866
   -0.0008659617     0.0035033501     0.0001001628
   -0.0004162033     0.0056980852    -0.0005904747
    0.0010193127     0.0081495816    -0.0007065895
    0.0015141986     0.0086044315     0.0005519960
    0.0002129367     0.0065800874     0.0007144335
   -0.0004792619     0.0044498618    -0.0001305470
   -0.0003977490     0.0029201958    -0.0005676762
   -0.0021131727     0.0044767045     0.0009135328
   -0.0024118831     0.0070197616     0.0004449858
   -0.0021574854     0.0088209870     0.0001497454
   -0.0021722855     0.0081363853    -0.0001122554
   -0.0021031411     0.0058926062    -0.0008393722
   -0.0014866388     0.0037956095    -0.0012540695
   -0.0027050169     0.0029114730     0.0019265561
   -0.0043186650     0.0049768660     0.0019666525
   -0.0056757348     0.0072730232     0.0011944243
   -0.0059400811     0.0080816925    -0.0002044633
   -0.0050767273     0.0066617141    -0.0015852051
   -0.0034453746     0.0044441322    -0.0021901935
   -0.0019301545     0.0027178372    -0.0019555344
   -0.0045801728     0.0025785295     0.0029230636
   -0.0073570552     0.0042186736     0.0027412132
   -0.0093025482     0.0055884288     0.0009558535
   -0.0088536410     0.0054895369    -0.0015679830
   -0.0063707632     0.0040875290    -0.0030172048
   -0.0036613492     0.0025993186    -0.0029105666
   -0.0037586861     0.0006523517     0.0030078806
   -0.0067282864     0.0010668257     0.0035604414
   -0.0100273728     0.0015919539     0.0025425411
   -0.0112789149     0.0019580587    -0.0003166461
   -0.0093241963     0.0018758134    -0.0029648021
   -0.0058417212     0.0014569617    -0.0036185328
   -0.0030904469     0.0010316065    -0.0029076912
   -0.0026378262    -0.0004694643     0.0025156263
   -0.0048855200    -0.0009806197     0.0033304529
   -0.0080404752    -0.0017064367     0.0032642396
   -0.0104880670    -0.0021972959     0.0013177357
   -0.0103082923    -0.0018604271    -0.0016603746
   -0.0075455106    -0.0009987727    -0.0034354783
   -0.0043731266    -0.0003066786    -0.0033222549
   -0.0030441867    -0.0018109353     0.0025316857
   -0.0051515578    -0.0032176037     0.0028808741
   -0.0073409751    -0.0047281706     0.0020813600
   -0.0083435071    -0.0051752479     0.0000146952
   -0.0074203763    -0.0040414016    -0.0021466434
   -0.0050636673    -0.0023518258    -0.0029744471
   -0.0028891052    -0.0011095219    -0.0025869231
   -0.0017143919    -0.0018730498     0.0016784726
   -0.0027776235    -0.0033294589     0.0019843755
   -0.0039869862    -0.0052038142     0.0017957793
   -0.0048525132    -0.0065175668     0.0008831247
   -0.0051606423    -0.0061681409    -0.0005416689
   -0.0044418067    -0.0044178003    -0.0018020909
   -0.0030129703    -0.0025488020    -0.0021426916
   -0.0012889429    -0.0027859239     0.0011251366
   -0.0016075653    -0.0044510941     0.0010370990
   -0.0017292836    -0.0060518226     0.0007660618
   -0.0020187687    -0.0065672176     0.0003699376
   -0.0024739799    -0.0055721657    -0.0003991277
   -0.0023088775    -0.0037874421    -0.0011497544
   -0.0016731672    -0.0022023487    -0.0013761461
   -0.0003310914    -0.0033157834     0.0003402041
    0.0001914610    -0.0046797326     0.0001829749
    0.0005661347    -0.0055684033     0.0003578475
    0.0000140169    -0.0054130844     0.0004703854
   -0.0008214424    -0.0042953416    -0.0000121701
   -0.0010791602    -0.0028751183    -0.0005863382
    0.0009538924    -0.0032018048    -0.0003385705
    0.0018999805    -0.0039615901    -0.0001418760
    0.0019811467    -0.0042384450     0.0005272532
    0.0009466772    -0.0038763696     0.0007412694
   -0.0000589333    -0.0030174200     0.0002782957
    0.0021064996    -0.0024756075    -0.0005993873
    0.0028260895    -0.0027258710     0.0000716921
    0.0023065965    -0.0027863292     0.0008458365
    0.0010877610    -0.0025517244     0.0008730555
    0.0026868291    -0.0014841607    -0.0004068598
    0.0028277098    -0.0015611084     0.0004674748
    0.0019556980    -0.0016835214     0.0009974495
    0.0027624715    -0.0005324353    -0.0013861876
    0.0036573304    -0.0009904676    -0.0002041991
    0.0030222734    -0.0006138711     0.0011217039
    0.0024583575     0.0003430955    -0.0018227705
    0.0042835958    -0.0002132089    -0.0011799576
    0.0045446786    -0.0002722170     0.0007778177
    0.0028129976     0.0003171641     0.0016646709
    0.0014700544     0.0006920514     0.0012403146
    0.0037806107     0.0010675568    -0.0019321070
    0.0055657996     0.0008876815    -0.0002679897
    0.0042542383     0.0010712752     0.0017125932
    0.0020580856     0.0012607656     0.0016284143
    0.0024116357     0.0021337179    -0.0019080144
    0.0048450488     0.0024961349    -0.0013554576
    0.0052305522     0.0025607109     0.0009611133
    0.0028470175     0.0022804513     0.0018296391
    0.0012244799     0.0018683867     0.0011392501
    0.0027990871     0.0035557008    -0.0015653378
    0.0044067130     0.0041863269    -0.0002014597
    0.0032440961     0.0037812814     0.0014295623
    0.0013445771     0.0028861247     0.0012153066
    0.0005475632     0.0021358962     0.0005300031
    0.0007654199     0.0037695175    -0.0009616529
    0.0021355297     0.0049965122    -0.0007141596
    0.0023653676     0.0051950011     0.0005525540
    0.0010868188     0.0041783784     0.0009464856
    0.0002225420     0.0030249111     0.0004000992
   -0.0002028376     0.0048647318    -0.0003197714
    0.0002910389     0.0058156695     0.0000132507
   -0.0000366706     0.0053444624     0.0003921865
   -0.0005407897     0.0040439781     0.0000717587
   -0.0005728103     0.0028134577    -0.0003543163
   -0.0018759450     0.0040304751     0.0005401468
   -0.0020442612     0.0054256224     0.0002797765
   -0.0020919498     0.0057880759     0.0000576199
   -0.0020406619     0.0048511322    -0.0003747101
   -0.0016384596     0.0034670587    -0.0008182906
   -0.0026690119     0.0027671068     0.0013524850
   -0.0037347786     0.0041175127     0.0010985008
   -0.0043994553     0.0050632359     0.0003839204
   -0.0042518440     0.0048561809    -0.0005762566
   -0.0033347996     0.0037434061    -0.0013078869
   -0.0021707241     0.0025356251    -0.0014908152
   -0.0042734652     0.0023253171     0.0018781526
   -0.0058601987     0.0032255036     0.0012318458
   -0.0064119457     0.0035874829    -0.0001633626
   -0.0054490414     0.0031292179    -0.0014898178
   -0.0037090454     0.0022759568    -0.0019980650
   -0.0037965721     0.0006919653     0.0021927724
   -0.0058258428     0.0010170357     0.0019901675
   -0.0073327289     0.0013034174     0.0007403078
   -0.0071178024     0.0013719040    -0.0010398947
   -0.0053428278     0.0011950572    -0.0021460448
   -0.0033129186     0.0009242015    -0.0022197679
   -0.0046476738    -0.0006901556     0.0022028352
   -0.0065315147    -0.0009736024     0.0015189520
   -0.0073045953    -0.0009924229    -0.0001000400
   -0.0062958891    -0.0006792877    -0.0016717272
   -0.0043191118    -0.0002805498    -0.0022658506
   -0.0031451620    -0.0015584917     0.0019069654
   -0.0046907073    -0.0023674008     0.0017222245
   -0.0058715158    -0.0028982734     0.0007251292
   -0.0058668940    -0.0026925974    -0.0007371567
   -0.0046415154    -0.0018957956    -0.0017668084
   -0.0030496917    -0.0010611893    -0.0019608205
   -0.0028053717    -0.0027601254     0.0014188583
   -0.0037112039    -0.0037096550     0.0009989350
   -0.0041855832    -0.0039890741     0.0001046363
   -0.0039043626    -0.0033468520    -0.0008910854
   -0.0029898367    -0.0022531182    -0.0014603154
   -0.0014167317    -0.0025081501     0.0009234319
   -0.0017897064    -0.0035519837     0.0007823250
   -0.0021088012    -0.0042264489     0.0004464613
   -0.0023249044    -0.0040650157    -0.0000951438
   -0.0022148269    -0.0031665178    -0.0006883140
   -0.0005375933    -0.0028882512     0.0003813993
   -0.0004427198    -0.0036579807     0.0003196894
   -0.0005768655    -0.0039059915     0.0002678580
   -0.0009228567    -0.0034625808     0.0000114389
   -0.0010937137    -0.0025888942    -0.0003843392
    0.0004929523    -0.0027551671     0.0000046376
    0.0007143123    -0.0031446897     0.0001935093
    0.0004117298    -0.0031018679     0.0003558068
   -0.0001378477    -0.0026315724     0.0001923669
    0.0013111062    -0.0022071051    -0.0000795174
    0.0013369685    -0.0023340436     0.0003120144
    0.0030417723     0.0002971627    -0.0001434814
    0.0030016205     0.0010964380    -0.0007022102
    0.0031402059     0.0011147193     0.0004503800
    0.0021043818     0.0011684318     0.0010452335
    0.0030560352     0.0020537252    -0.0001245454
    0.0024667224     0.0019856007     0.0008482455
    0.0021156133     0.0028510692    -0.0005337836
    0.0022334612     0.0029395415     0.0003816556
    0.0013466040     0.0025533684     0.0007909359
    0.0012105367     0.0036353325    -0.0000325018
    0.0008709551     0.0034030453     0.0004597462
    0.0002528630     0.0027272883     0.0003786255
   -0.0002423010     0.0037719975    -0.0000584809
   -0.0002270539     0.0039430884     0.0001457260
   -0.0004898983     0.0033891066     0.0001122385
   -0.0015704121     0.0033116659     0.0003170058
   -0.0016866442     0.0038775918     0.0001435739
   -0.0017155407     0.0036978725    -0.0001050595
   -0.0015397692     0.0029608056    -0.0004453844
   -0.0029661353     0.0031327682     0.0005160354
   -0.0031663154     0.0033576769    -0.0000408123
   -0.0028342970     0.0029451474    -0.0006300282
   -0.0035845800     0.0019271381     0.0010357574
   -0.0042769073     0.0023122805     0.0003674851
   -0.0041672076     0.0022759232    -0.0005237743
   -0.0033124319     0.0018727390    -0.0011614301
   -0.0045507925     0.0008866666     0.0009002802
   -0.0049671656     0.0009973093    -0.0000811862
   -0.0043530680     0.0009515388    -0.0010333779
   -0.0039683292    -0.0003991723     0.0012452762
   -0.0048230307    -0.0004615834     0.0004772141
   -0.0047539227    -0.0003768808    -0.0005735129
   -0.0038009027    -0.0001900972    -0.0013149579
   -0.0029363829    -0.0012017836     0.0012674556
   -0.0038594311    -0.0015715900     0.0008420396
   -0.0042556947    -0.0016538320     0.0000014198
   -0.0038404310    -0.0013653958    -0.0008538574
   -0.0025842342    -0.0020819494     0.0008840377
   -0.0030935178    -0.0024417367     0.0003967655
   -0.0031505443    -0.0023271357    -0.0002893093
   -0.0026974852    -0.0018033213    -0.0008580651
   -0.0017835775    -0.0026151247     0.0004849850
   -0.0019964088    -0.0027720260     0.0001158761
   -0.0019818697    -0.0024336393    -0.0003346373
   -0.0008253560    -0.0026732578     0.0002391661
   -0.0009773636    -0.0026043154     0.0000501873
