    0.0047178891
    0.0040493979
    0.0044347557
    0.0038885627
    0.0031438453
    0.0035135695
    0.0033367647
    0.0025773043
    0.0020435111
    0.0021739788
    0.0016202932
    0.0010481007
    0.0004357721
    0.0001438324
   -0.0003546705
   -0.0005013387
   -0.0017715112
   -0.0021843701
   -0.0022836577
   -0.0042733171
   -0.0044094845
   -0.0061845895
   -0.0065995767
   -0.0061720377
   -0.0074166727
   -0.0083532953
   -0.0082800443
   -0.0071855179
   -0.0091901953
   -0.0097244822
   -0.0089912942
   -0.0100948803
   -0.0100043163
   -0.0093817141
   -0.0099282314
   -0.0092857966
   -0.0088659312
   -0.0088720805
   -0.0076526349
    0.0057252589
    0.0064545493
    0.0063975931
    0.0054779813
    0.0046948414
    0.0061505979
    0.0068539008
    0.0059443377
    0.0047973640
    0.0041483081
    0.0049732833
    0.0065180155
    0.0062177001
    0.0047555373
    0.0038543451
    0.0033860768
    0.0050166674
    0.0056838566
    0.0044620610
    0.0032018759
    0.0027441333
    0.0027121823
    0.0038850273
    0.0034666484
    0.0021663789
    0.0015642058
    0.0014661317
    0.0012283550
    0.0013885654
    0.0005166035
   -0.0001520656
   -0.0001047915
   -0.0014151815
   -0.0014175913
   -0.0019470946
   -0.0024845906
   -0.0023294346
   -0.0016963663
   -0.0040837685
   -0.0048696478
   -0.0054254239
   -0.0051836925
   -0.0041705614
   -0.0058876672
   -0.0073880422
   -0.0084733246
   -0.0084452690
   -0.0071976946
   -0.0053903230
   -0.0087481693
   -0.0106919571
   -0.0114148565
   -0.0103784925
   -0.0081796484
   -0.0087911301
   -0.0113764780
   -0.0131084049
   -0.0129052012
   -0.0108582300
   -0.0105765900
   -0.0129833385
   -0.0138850858
   -0.0126667124
   -0.0100764049
   -0.0089054326
   -0.0113628071
   -0.0130196122
   -0.0129326717
   -0.0111321641
   -0.0090621130
   -0.0108431517
   -0.0115872601
   -0.0108633966
   -0.0090485432
   -0.0082400560
   -0.0092336867
   -0.0093454428
   -0.0084826284
   -0.0058853314
   -0.0066866451
   -0.0071291651
   -0.0070253896
   -0.0048843219
   -0.0051207424
    0.0067484041
    0.0064117647
    0.0057399091
    0.0075864098
    0.0075631540
    0.0065565467
    0.0057278216
    0.0079173119
    0.0089125718
    0.0076954439
    0.0062577091
    0.0055276759
    0.0071881033
    0.0097232580
    0.0092786976
    0.0068922103
    0.0056807861
    0.0050917000
    0.0053929655
    0.0088421723
    0.0104476946
    0.0078942393
    0.0055325905
    0.0049257389
    0.0042821760
    0.0062132629
    0.0093743138
    0.0086202670
    0.0053313384
    0.0041081553
    0.0038362968
    0.0029999655
    0.0059056815
    0.0072354157
    0.0048163492
    0.0027978054
    0.0025460748
    0.0023364137
    0.0018272391
    0.0034491229
    0.0028293840
    0.0009687599
    0.0004366810
    0.0006934152
   -0.0015117790
   -0.0009459407
   -0.0009688119
   -0.0019812578
   -0.0024881376
   -0.0019429035
   -0.0011839869
   -0.0044325783
   -0.0052854569
   -0.0062046589
   -0.0064933052
   -0.0055999063
   -0.0040250393
   -0.0064049514
   -0.0085260617
   -0.0105260409
   -0.0113273756
   -0.0102446470
   -0.0078393791
   -0.0053514761
   -0.0098711757
   -0.0132132673
   -0.0155142145
   -0.0151637420
   -0.0123321798
   -0.0087456202
   -0.0095208126
   -0.0134629704
   -0.0172409368
   -0.0186267024
   -0.0165083614
   -0.0123949036
   -0.0084374908
   -0.0118538984
   -0.0160691218
   -0.0190509531
   -0.0187373592
   -0.0153189394
   -0.0109942316
   -0.0094912644
   -0.0131320946
   -0.0165666197
   -0.0179565757
   -0.0162951960
   -0.0126919435
   -0.0090019705
   -0.0098429531
   -0.0127126180
   -0.0147406765
   -0.0147900925
   -0.0127683995
   -0.0098029542
   -0.0070269541
   -0.0089630756
   -0.0106655617
   -0.0115107172
   -0.0110387169
   -0.0093947697
   -0.0060272117
   -0.0070320067
   -0.0077896388
   -0.0081265998
   -0.0077656465
   -0.0067191472
   -0.0043836469
   -0.0046698892
   -0.0050399030
   -0.0053939530
   -0.0053441846
   -0.0025468786
   -0.0025682129
   -0.0029911728
   -0.0035209238
   -0.0011207999
    0.0066051121
    0.0060714872
    0.0078569170
    0.0079367058
    0.0071073484
    0.0063724165
    0.0086976928
    0.0098146099
    0.0086473850
    0.0072721131
    0.0065657767
    0.0086393538
    0.0118522241
    0.0113977469
    0.0085031381
    0.0072397918
    0.0065942464
    0.0072643993
    0.0123877319
    0.0076961689
    0.0071478810
    0.0061938344
    0.0049873419
    0.0101343521
    0.0069363087
    0.0066474571
    0.0051429648
    0.0062736482
    0.0060626630
    0.0052786284
    0.0025697738
    0.0070212162
    0.0043126490
    0.0032484871
    0.0017027857
    0.0019204146
    0.0018476048
   -0.0018794377
   -0.0008513509
    0.0007608625
   -0.0009748386
   -0.0005263757
   -0.0048511012
   -0.0056507695
   -0.0053370496
   -0.0034805186
   -0.0067036327
   -0.0094534393
   -0.0124738588
   -0.0114108996
   -0.0078541643
   -0.0049699118
   -0.0105297269
   -0.0154459818
   -0.0135800779
   -0.0087052483
   -0.0097273574
   -0.0149376400
   -0.0214780660
   -0.0197532215
   -0.0131470281
   -0.0082317976
   -0.0124626877
   -0.0186606564
   -0.0172837035
   -0.0112129096
   -0.0095622708
   -0.0142413263
   -0.0198789729
   -0.0193484446
   -0.0135467636
   -0.0101155918
   -0.0140360046
   -0.0179779142
   -0.0141595708
   -0.0100301489
   -0.0069640538
   -0.0092589022
   -0.0115703941
   -0.0136877533
   -0.0124309314
   -0.0098959674
   -0.0059500118
   -0.0069887407
   -0.0077434015
   -0.0084303426
   -0.0088451767
   -0.0082588151
   -0.0068441104
   -0.0040873662
   -0.0039698682
   -0.0039985306
   -0.0047246056
   -0.0054968469
   -0.0054859170
   -0.0018447257
   -0.0011960854
   -0.0013685381
   -0.0024663698
   -0.0034678062
    0.0001364005
    0.0006181686
   -0.0000320162
   -0.0013252946
    0.0013851314
    0.0074216954
    0.0076400077
    0.0071372511
    0.0065626444
    0.0083801432
    0.0094063736
    0.0086812304
    0.0076971869
    0.0070625002
    0.0088079556
    0.0117643109
    0.0115207164
    0.0092079270
    0.0082109731
    0.0075229407
    0.0081054750
    0.0136022608
    0.0092839792
    0.0089131385
    0.0076575463
    0.0062703986
    0.0127641655
    0.0094266128
    0.0070193750
    0.0092054843
    0.0086744802
    0.0055499090
    0.0050407833
    0.0064670614
    0.0016120439
    0.0060555273
    0.0065267258
    0.0037595727
    0.0007821458
    0.0045865303
    0.0028876236
   -0.0015279879
    0.0003379305
   -0.0000067853
   -0.0052692244
   -0.0062848251
   -0.0043471195
   -0.0027511307
   -0.0066962349
   -0.0099837180
   -0.0072326270
   -0.0043832874
   -0.0105326568
   -0.0167614020
   -0.0136646542
   -0.0080785808
   -0.0093541411
   -0.0153179089
   -0.0128425316
   -0.0122152586
   -0.0198987760
   -0.0178605789
   -0.0106590660
   -0.0091043344
   -0.0143446968
   -0.0211317621
   -0.0134124111
   -0.0098181941
   -0.0144421586
   -0.0146246880
   -0.0096650887
   -0.0066306423
   -0.0090937148
   -0.0117056023
   -0.0132128903
   -0.0098625357
   -0.0057088291
   -0.0066580182
   -0.0092156415
   -0.0084399647
   -0.0066955143
   -0.0037833185
   -0.0030179423
   -0.0016839521
   -0.0040060516
   -0.0055296081
   -0.0055032850
   -0.0012295488
    0.0006214050
    0.0018285773
    0.0005406420
   -0.0019509119
   -0.0034700479
    0.0012263273
    0.0030486071
    0.0031613167
    0.0011656873
   -0.0010882176
    0.0028862788
    0.0038821622
    0.0030283500
    0.0010001412
    0.0070088834
    0.0067888164
    0.0063580192
    0.0074795516
    0.0083609238
    0.0081325877
    0.0075655588
    0.0069970211
    0.0080035404
    0.0101558794
    0.0102609749
    0.0090695504
    0.0084038040
    0.0076782117
    0.0078037851
    0.0120216488
    0.0099007633
    0.0095917559
    0.0082143478
    0.0066280570
    0.0124662935
    0.0110406513
    0.0081146504
    0.0103497257
    0.0114379406
    0.0070375764
    0.0067619709
    0.0096669201
    0.0032862622
    0.0065960244
    0.0037259530
    0.0077093999
    0.0035896524
   -0.0003998880
    0.0033300688
    0.0031864244
   -0.0026304499
    0.0012602542
   -0.0054776113
   -0.0071245527
   -0.0030928610
   -0.0021545307
   -0.0099175996
   -0.0062475919
   -0.0098705764
   -0.0166824747
   -0.0125715596
   -0.0070776325
   -0.0144674479
   -0.0115955207
   -0.0111989529
   -0.0193095724
   -0.0168091597
   -0.0095068948
   -0.0134205655
   -0.0209576100
   -0.0123318096
   -0.0090403736
   -0.0138583008
   -0.0140057998
   -0.0088068534
   -0.0085464213
   -0.0132072496
   -0.0093004866
   -0.0053618616
   -0.0062552944
   -0.0093678132
   -0.0082820527
   -0.0035891099
   -0.0023285362
   -0.0034249034
   -0.0055963919
   -0.0053873365
   -0.0009778221
    0.0021389932
    0.0064728673
    0.0071511400
    0.0025000776
   -0.0018071121
   -0.0035586472
    0.0018243175
    0.0054970939
    0.0080863901
    0.0062143159
    0.0019217467
   -0.0011644368
    0.0039665550
    0.0067373005
    0.0071038766
    0.0044218633
    0.0011708956
    0.0062265414
    0.0052855489
    0.0072789650
    0.0073543017
    0.0070479951
    0.0065351143
    0.0069327068
    0.0084409874
    0.0088278300
    0.0084186467
    0.0079503050
    0.0072192428
    0.0069248056
    0.0096463934
    0.0111163194
    0.0104023552
    0.0095521502
    0.0091434546
    0.0078650917
    0.0062567885
    0.0102856051
    0.0107670415
    0.0081328769
    0.0094581845
    0.0120399224
    0.0075905713
    0.0071562320
    0.0114084911
    0.0062070115
    0.0043254575
    0.0088011978
    0.0058631206
    0.0056264658
    0.0015368843
    0.0069245710
    0.0005364295
    0.0026677230
   -0.0034871280
   -0.0022945538
    0.0012762762
   -0.0053378601
   -0.0075951821
   -0.0022771883
   -0.0092081564
   -0.0089924383
   -0.0052400468
   -0.0087317181
   -0.0152093348
   -0.0107383125
   -0.0127001079
   -0.0233856465
   -0.0186000527
   -0.0098252295
   -0.0097146632
   -0.0171484900
   -0.0145455452
   -0.0117770309
   -0.0188905039
   -0.0106480884
   -0.0079682677
   -0.0124920367
   -0.0125033544
   -0.0077390770
   -0.0104624390
   -0.0124028929
   -0.0083445416
   -0.0058912169
   -0.0093766844
   -0.0077930213
   -0.0034977500
   -0.0022549014
   -0.0036255060
   -0.0056631026
   -0.0011432974
    0.0024952699
    0.0031780358
   -0.0021788516
   -0.0036677152
    0.0016770211
    0.0067493829
    0.0136141716
    0.0083446293
    0.0017534024
   -0.0015238817
    0.0041680686
    0.0088688875
    0.0121850803
    0.0100802891
    0.0048628432
    0.0008167384
    0.0056011033
    0.0086331845
    0.0090927540
    0.0063083286
    0.0065259857
    0.0071212300
    0.0076171967
    0.0075402506
    0.0071616447
    0.0078329642
    0.0089252770
    0.0089975898
    0.0086441317
    0.0081319397
    0.0070292842
    0.0082236743
    0.0105605356
    0.0101675196
    0.0093744186
    0.0073879057
    0.0078885164
    0.0122723975
    0.0106344313
    0.0072287468
    0.0066018571
    0.0109001554
    0.0046456937
    0.0102254048
    0.0094310890
    0.0064573056
    0.0068513613
    0.0028868121
    0.0099238085
    0.0000849165
    0.0030557408
    0.0050595766
   -0.0012918703
    0.0054039412
   -0.0038067108
   -0.0042224269
    0.0038232558
    0.0006823893
   -0.0073510052
   -0.0020668084
   -0.0080464380
   -0.0135820045
   -0.0074749967
   -0.0043771692
   -0.0128695021
   -0.0087255738
   -0.0105504978
   -0.0196093489
   -0.0151118024
   -0.0079764132
   -0.0141964390
   -0.0229593220
   -0.0118223578
   -0.0098507939
   -0.0171145831
   -0.0157061634
   -0.0087839507
   -0.0106949818
   -0.0177604292
   -0.0105512463
   -0.0067939176
   -0.0094631808
   -0.0109764339
   -0.0055139951
   -0.0051124715
   -0.0090671329
   -0.0070383072
   -0.0026295884
   -0.0044767682
   -0.0055902404
   -0.0015340841
    0.0016113592
    0.0110305392
    0.0019325360
   -0.0028176020
    0.0009523157
    0.0060872252
    0.0079599826
    0.0007455670
    0.0034561791
    0.0091140012
    0.0162229746
    0.0177500837
    0.0111094932
    0.0040658997
    0.0097535975
    0.0127499852
    0.0109265097
    0.0061246653
    0.0089568324
    0.0065911906
    0.0066134665
    0.0065973167
    0.0075056666
    0.0077811027
    0.0075685665
    0.0070275139
    0.0068315720
    0.0083846235
    0.0091217105
    0.0090737902
    0.0086772999
    0.0078597251
    0.0066288825
    0.0090527032
    0.0107441111
    0.0102760618
    0.0087107195
    0.0058514553
    0.0091226394
    0.0127466020
    0.0091532980
    0.0045470538
    0.0081061825
    0.0085851134
    0.0060432005
    0.0069625632
    0.0035424840
    0.0106406589
    0.0011774440
    0.0042122725
    0.0065298021
    0.0005140210
    0.0087831986
   -0.0021374843
   -0.0010741752
    0.0031628852
   -0.0048522313
    0.0017931298
   -0.0065482311
   -0.0099740138
   -0.0022523847
   -0.0020979718
   -0.0113730253
   -0.0061436132
   -0.0103427386
   -0.0192484678
   -0.0130633143
   -0.0069043524
   -0.0153416423
   -0.0116421365
   -0.0112326421
   -0.0210519921
   -0.0176811291
   -0.0092525075
   -0.0136638621
   -0.0123602839
   -0.0088253769
   -0.0141059486
   -0.0145161381
   -0.0085699086
   -0.0082622845
   -0.0138681614
   -0.0092569427
   -0.0050526634
   -0.0053957606
   -0.0083197923
   -0.0030403892
    0.0002135257
   -0.0052367986
   -0.0052939424
    0.0002179395
    0.0077462247
   -0.0002511538
   -0.0033499652
    0.0041175978
    0.0142952140
    0.0053270126
   -0.0005361984
    0.0074358427
    0.0164855025
    0.0094000109
    0.0024781088
    0.0090179003
    0.0144515025
    0.0155138412
    0.0106236625
    0.0048199449
    0.0108677803
    0.0095559770
    0.0064149118
    0.0066930548
    0.0065206832
    0.0070646423
    0.0077401112
    0.0077762753
    0.0073520862
    0.0065752535
    0.0057406310
    0.0074784517
    0.0087695839
    0.0092324732
    0.0089413323
    0.0082836182
    0.0070896380
    0.0052269100
    0.0074534351
    0.0095774351
    0.0104427444
    0.0094321187
    0.0073954785
    0.0068124148
    0.0098308016
    0.0105965309
    0.0071936380
    0.0055277406
    0.0090802976
    0.0108059419
    0.0037925344
    0.0071506889
    0.0093035203
    0.0019265941
    0.0045015344
    0.0067049163
    0.0017430152
    0.0097052167
   -0.0006496346
    0.0010610837
    0.0048077262
   -0.0024348018
    0.0050194958
   -0.0046310218
   -0.0058714087
    0.0002756329
   -0.0086606118
   -0.0027571352
   -0.0090385342
   -0.0158438040
   -0.0087605897
   -0.0050059260
   -0.0145207504
   -0.0098396829
   -0.0115768386
   -0.0223355306
   -0.0171287497
   -0.0087578937
   -0.0156424545
   -0.0130293118
   -0.0105524116
   -0.0173522773
   -0.0094547452
   -0.0113085707
   -0.0113256955
   -0.0069900777
   -0.0094572316
   -0.0115965288
   -0.0075568500
   -0.0053328391
   -0.0090160593
   -0.0072632053
   -0.0017014595
   -0.0030546226
   -0.0054620910
   -0.0009862313
    0.0036824937
    0.0053637752
   -0.0020952450
    0.0019718809
    0.0093787555
    0.0131980053
    0.0022080375
    0.0049204925
    0.0129665946
    0.0165413984
    0.0061362543
    0.0069442521
    0.0131619315
    0.0176632552
    0.0150767570
    0.0083570787
    0.0110310632
    0.0116227340
    0.0085478026
    0.0065749689
    0.0066060095
    0.0063943124
    0.0074301042
    0.0078055557
    0.0075173925
    0.0068349785
    0.0064417123
    0.0080992561
    0.0091288433
    0.0091072932
    0.0084232609
    0.0074299261
    0.0060368147
    0.0083043927
    0.0104151713
    0.0094462053
    0.0079368503
    0.0051506861
    0.0077879348
    0.0107908017
    0.0080772893
    0.0038808675
    0.0065082717
    0.0118701011
    0.0074515242
    0.0046675649
    0.0111376619
    0.0060198163
    0.0025669151
    0.0084619793
    0.0005348978
    0.0024237188
    0.0052584374
   -0.0004761561
    0.0063481439
   -0.0027234437
   -0.0024722384
    0.0020605048
   -0.0056242779
    0.0002971770
   -0.0070077136
   -0.0109472102
   -0.0039216470
   -0.0028025426
   -0.0119458812
   -0.0069326871
   -0.0106655926
   -0.0199688384
   -0.0139144457
   -0.0073269099
   -0.0157005993
   -0.0120908439
   -0.0113934125
   -0.0213649733
   -0.0181291900
   -0.0094860774
   -0.0137484021
   -0.0125595565
   -0.0088192668
   -0.0139595321
   -0.0146043342
   -0.0086540813
   -0.0081101397
   -0.0136883131
   -0.0092613986
   -0.0049278412
   -0.0049676523
   -0.0081771283
   -0.0027712193
    0.0011179897
   -0.0048569835
   -0.0051893115
    0.0006902147
    0.0093351729
    0.0004598948
   -0.0031278036
    0.0048203306
    0.0164361163
    0.0063886209
   -0.0001737117
    0.0083005891
    0.0185347031
    0.0106315996
    0.0029690308
    0.0098790852
    0.0159304641
    0.0171627538
    0.0117290854
    0.0053750418
    0.0094312747
    0.0117883406
    0.0103755593
    0.0065371674
    0.0068654989
    0.0076307164
    0.0075856819
    0.0069601347
    0.0071860385
    0.0087365184
    0.0092247271
    0.0085553578
    0.0075233848
    0.0063014478
    0.0069858209
    0.0095468742
    0.0114479656
    0.0093322393
    0.0079777192
    0.0063107157
    0.0061521440
    0.0094917236
    0.0100664423
    0.0082374238
    0.0047868027
    0.0081786748
    0.0109619213
    0.0079334771
    0.0031243135
    0.0059717369
    0.0110473538
    0.0067421117
    0.0034693248
    0.0091244789
    0.0048934887
    0.0010183588
    0.0059808188
   -0.0010781170
    0.0000565094
    0.0068226450
    0.0029443246
   -0.0029217723
    0.0021601939
   -0.0047803402
   -0.0063204619
   -0.0003117059
   -0.0008853867
   -0.0085771419
   -0.0039181636
   -0.0087765673
   -0.0151168574
   -0.0094407078
   -0.0053633427
   -0.0137376035
   -0.0097969544
   -0.0110066549
   -0.0205857425
   -0.0162573534
   -0.0085687571
   -0.0146122406
   -0.0124057062
   -0.0099933986
   -0.0172690350
   -0.0161781640
   -0.0090721253
   -0.0106238137
   -0.0107256226
   -0.0066628129
   -0.0089302576
   -0.0109019890
   -0.0051097660
   -0.0036980423
   -0.0085354396
   -0.0069299680
   -0.0017926290
   -0.0032213862
   -0.0052346228
   -0.0010300653
    0.0030388404
    0.0041492586
   -0.0021256963
    0.0017118404
    0.0081011128
    0.0109854652
    0.0018124366
    0.0044383077
    0.0113652824
    0.0206175108
    0.0141630044
    0.0054137576
    0.0117423297
    0.0154959435
    0.0133005319
    0.0075157081
    0.0100387923
    0.0105391160
    0.0071707318
    0.0075034012
    0.0070228356
    0.0060727355
    0.0079242566
    0.0090675983
    0.0087497768
    0.0076060014
    0.0063892524
    0.0056078321
    0.0081935166
    0.0109036957
    0.0115491007
    0.0096969268
    0.0078969004
    0.0064006123
    0.0046706925
    0.0076043837
    0.0123561493
    0.0099701575
    0.0079170953
    0.0061083826
    0.0061320328
    0.0076151639
    0.0053991162
    0.0041575738
    0.0088705884
    0.0067001483
    0.0020895847
    0.0052256434
    0.0080613220
    0.0050837055
    0.0019459692
    0.0056691922
    0.0031374446
   -0.0007737504
    0.0015005780
    0.0028592551
   -0.0026770547
    0.0015263443
    0.0004301482
   -0.0053351489
   -0.0062408052
   -0.0015553198
   -0.0015644982
   -0.0064713068
   -0.0098622236
   -0.0053805005
   -0.0105760295
   -0.0121168457
   -0.0069681821
   -0.0095294889
   -0.0168414129
   -0.0125865165
   -0.0069656463
   -0.0135561069
   -0.0205974313
   -0.0108718139
   -0.0101202048
   -0.0179041940
   -0.0155672244
   -0.0120068617
   -0.0196397178
   -0.0111336743
   -0.0079730002
   -0.0122594463
   -0.0127392872
   -0.0074197039
   -0.0120999395
   -0.0083727204
   -0.0050100360
   -0.0081299318
   -0.0074909923
   -0.0028890979
   -0.0005179969
   -0.0048631561
   -0.0001110812
    0.0052907461
    0.0073882844
   -0.0007415470
   -0.0031564898
    0.0031592967
    0.0103377924
    0.0133405493
    0.0038124036
   -0.0007047127
    0.0059601624
    0.0124195820
    0.0173419844
    0.0144322725
    0.0072349176
    0.0019092331
    0.0074097860
    0.0114403496
    0.0121439552
    0.0085206096
    0.0071262491
    0.0069663647
    0.0067254625
    0.0083299744
    0.0086990017
    0.0077353151
    0.0064306333
    0.0065409141
    0.0093375961
    0.0112409548
    0.0102617425
    0.0080687618
    0.0063752191
    0.0057015203
    0.0094683432
    0.0110804036
    0.0078245132
    0.0060179449
    0.0043287175
    0.0081608663
    0.0071443243
    0.0053358576
    0.0057816502
    0.0061438530
    0.0043035394
    0.0031561338
    0.0086878882
    0.0066444840
    0.0047276536
    0.0007830678
    0.0037137366
    0.0046289610
    0.0029635856
   -0.0000216699
    0.0022537473
   -0.0026734220
   -0.0017126686
    0.0004671651
   -0.0000438968
   -0.0054664740
   -0.0024857610
   -0.0072391640
   -0.0104217196
   -0.0068283469
   -0.0043797927
   -0.0119974544
   -0.0086080037
   -0.0111145554
   -0.0191206485
   -0.0150899934
   -0.0085336006
   -0.0092024689
   -0.0157878747
   -0.0131038403
   -0.0118173267
   -0.0204150285
   -0.0182550421
   -0.0103456525
   -0.0084801765
   -0.0137277902
   -0.0130044697
   -0.0089949393
   -0.0133865846
   -0.0142329615
   -0.0090846453
   -0.0079580767
   -0.0125339698
   -0.0092474597
   -0.0048401843
   -0.0047809841
   -0.0076789029
   -0.0025524191
    0.0003636140
   -0.0042202171
   -0.0049204404
    0.0006838473
    0.0060620707
    0.0078371726
    0.0004515202
   -0.0026694908
    0.0040510893
    0.0099528305
    0.0145979933
    0.0116797635
    0.0048615278
    0.0001631835
    0.0064431633
    0.0106861491
    0.0114190989
    0.0074789752
    0.0028193674
    0.0072240899
    0.0091423981
    0.0078989094
    0.0070705980
    0.0080536258
    0.0076661355
    0.0064604736
    0.0073184302
    0.0096415779
    0.0100589087
    0.0083259139
    0.0064132846
    0.0067929811
    0.0107757991
    0.0138395697
    0.0118781397
    0.0082073138
    0.0059523580
    0.0054489155
    0.0102989655
    0.0072383140
    0.0051633992
    0.0036251070
    0.0078934174
    0.0058217631
    0.0041185579
    0.0046739101
    0.0066385379
    0.0042545401
    0.0016765889
    0.0063218215
    0.0039682098
    0.0025609531
    0.0012484809
    0.0015789660
    0.0008548993
   -0.0022338129
   -0.0000968240
   -0.0002834859
   -0.0006381270
   -0.0050415403
   -0.0033074986
   -0.0023814217
   -0.0075742263
   -0.0100442651
   -0.0077915170
   -0.0052978790
   -0.0081945178
   -0.0125969089
   -0.0098607320
   -0.0060908433
   -0.0121892123
   -0.0197091246
   -0.0165044559
   -0.0098663684
   -0.0103038694
   -0.0170291316
   -0.0146825634
   -0.0130340692
   -0.0195657697
   -0.0117151829
   -0.0094062561
   -0.0147080302
   -0.0142052363
   -0.0097037372
   -0.0137931192
   -0.0147699985
   -0.0099633086
   -0.0063510429
   -0.0082430327
   -0.0122036812
   -0.0096766426
   -0.0049275065
   -0.0047327761
   -0.0075111280
   -0.0064258941
   -0.0023383056
    0.0001472560
    0.0000623221
   -0.0036690689
   -0.0047702394
    0.0009208073
    0.0047077065
    0.0075499133
    0.0054185898
    0.0008003498
   -0.0021994329
    0.0038749650
    0.0072039876
    0.0076763639
    0.0043942638
    0.0006664648
    0.0055957944
    0.0073256000
    0.0061052565
    0.0030168402
    0.0060860607
    0.0071294847
    0.0075157785
    0.0087660987
    0.0081140795
    0.0064399945
    0.0074766879
    0.0104140946
    0.0108810662
    0.0084454960
    0.0060074675
    0.0064391346
    0.0109934376
    0.0121686889
    0.0076848620
    0.0051148099
    0.0046004508
    0.0094104460
    0.0109967233
    0.0060339351
    0.0039548807
    0.0061887585
    0.0076409936
    0.0041138349
    0.0026706081
    0.0027508306
    0.0083547059
    0.0041451169
    0.0022469671
   -0.0001120281
    0.0026454399
    0.0040583720
    0.0012873850
    0.0005081774
   -0.0015043110
    0.0013297916
   -0.0004321523
   -0.0010763085
   -0.0041632061
   -0.0042177369
   -0.0024752076
   -0.0035533211
   -0.0037240964
   -0.0028867814
   -0.0073668456
   -0.0089616477
   -0.0079964172
   -0.0058858388
   -0.0084699428
   -0.0121614694
   -0.0103365416
   -0.0068021767
   -0.0124149092
   -0.0183640492
   -0.0163020974
   -0.0106005097
   -0.0108676668
   -0.0168086321
   -0.0225917150
   -0.0150743833
   -0.0095061338
   -0.0134093469
   -0.0201038504
   -0.0189884743
   -0.0123750504
   -0.0099069453
   -0.0146425622
   -0.0143538063
   -0.0095223241
   -0.0099481561
   -0.0134136556
   -0.0142078637
   -0.0103020829
   -0.0065758575
   -0.0082821417
   -0.0095898864
   -0.0113254120
   -0.0095742922
   -0.0072768950
   -0.0049760868
   -0.0049969150
   -0.0045077571
   -0.0064614717
   -0.0071224546
   -0.0064283300
   -0.0024249346
   -0.0010369996
   -0.0001299670
   -0.0013604739
   -0.0034797095
   -0.0045301520
    0.0004302999
    0.0022105058
    0.0022813710
    0.0002240632
   -0.0019559442
    0.0027161370
    0.0038420674
    0.0028602763
    0.0006015776
    0.0038703221
    0.0039904668
    0.0024664537
    0.0072024618
    0.0073063850
    0.0086628693
    0.0078711046
    0.0059627938
    0.0067654884
    0.0096572067
    0.0100858450
    0.0076176408
    0.0051342168
    0.0052408524
    0.0091291796
    0.0120260957
    0.0100369880
    0.0062471878
    0.0039085147
    0.0067671200
    0.0116191733
    0.0078191544
    0.0042341198
    0.0025358007
    0.0035440005
    0.0080666407
    0.0044872045
    0.0021650377
    0.0005207804
    0.0033270925
    0.0041939447
    0.0013502552
    0.0003012845
   -0.0007961923
    0.0015719624
    0.0036345337
    0.0021801320
   -0.0002619206
   -0.0012184813
   -0.0037191958
   -0.0034097419
   -0.0023810046
   -0.0022264614
   -0.0032881545
   -0.0036786230
   -0.0031470356
   -0.0067127563
   -0.0076401160
   -0.0079897271
   -0.0080694066
   -0.0074490518
   -0.0059827013
   -0.0082034120
   -0.0108756603
   -0.0130850970
   -0.0137831679
   -0.0125418295
   -0.0099063421
   -0.0070725246
   -0.0117122416
   -0.0156504481
   -0.0182924295
   -0.0178591265
   -0.0146052466
   -0.0105140245
   -0.0107242155
   -0.0152107660
   -0.0195270593
   -0.0211400539
   -0.0187792315
   -0.0141532006
   -0.0097198720
   -0.0088765621
   -0.0128142137
   -0.0173919329
   -0.0206657983
   -0.0204280387
   -0.0167936083
   -0.0121213512
   -0.0098514243
   -0.0135480483
   -0.0170270282
   -0.0185245292
   -0.0170154767
   -0.0134140585
   -0.0096180093
   -0.0071917452
   -0.0096695099
   -0.0122730461
   -0.0141373895
   -0.0144001141
   -0.0127568014
   -0.0100160422
   -0.0065802218
   -0.0080510826
   -0.0092673164
   -0.0100533177
   -0.0100739141
   -0.0089941424
   -0.0072473418
   -0.0050053222
   -0.0053312995
   -0.0056555048
   -0.0062655490
   -0.0066237470
   -0.0061973396
   -0.0027736367
   -0.0023786055
   -0.0026269948
   -0.0035685400
   -0.0042914710
   -0.0005089007
   -0.0000877691
   -0.0007533662
   -0.0019924089
    0.0011722466
    0.0011463003
    0.0000867505
    0.0062099399
    0.0073908497
    0.0066806400
    0.0051862622
    0.0073816564
    0.0076856496
    0.0058387769
    0.0038395087
    0.0060314618
    0.0077298590
    0.0065758289
    0.0041645869
    0.0036048487
    0.0060223987
    0.0063385677
    0.0041899596
    0.0021585318
    0.0029189234
    0.0043052949
    0.0033110888
    0.0013899741
    0.0002465132
   -0.0004443675
    0.0008195013
    0.0009523709
   -0.0002172358
   -0.0011460990
   -0.0029067355
   -0.0026316476
   -0.0029699102
   -0.0033373219
   -0.0031236160
   -0.0058481141
   -0.0063889944
   -0.0066230727
   -0.0064377601
   -0.0056152833
   -0.0074857580
   -0.0091748162
   -0.0102111806
   -0.0100869441
   -0.0087750778
   -0.0068449597
   -0.0103234854
   -0.0125015225
   -0.0132661654
   -0.0120967543
   -0.0096656148
   -0.0099170900
   -0.0128130256
   -0.0147521263
   -0.0145412695
   -0.0122903709
   -0.0092805895
   -0.0114435244
   -0.0140512259
   -0.0150660688
   -0.0138057843
   -0.0110548031
   -0.0092531937
   -0.0117575821
   -0.0134822312
   -0.0134776149
   -0.0117144132
   -0.0091411660
   -0.0089275815
   -0.0106016861
   -0.0113792466
   -0.0108325642
   -0.0091959188
   -0.0063590007
   -0.0075195799
   -0.0083632747
   -0.0086185574
   -0.0080823251
   -0.0049624121
   -0.0054223298
   -0.0058259266
   -0.0060410342
   -0.0057906973
   -0.0031631858
   -0.0032758767
   -0.0036700181
   -0.0040722641
   -0.0014476323
   -0.0016004034
    0.0053234619
    0.0045822631
    0.0047643753
    0.0036518332
    0.0038234774
    0.0032642034
    0.0019239006
    0.0020362316
    0.0011525320
   -0.0000836767
   -0.0004187613
   -0.0010361209
   -0.0026488053
   -0.0027078905
   -0.0029221873
   -0.0049763387
   -0.0052848875
   -0.0053259749
   -0.0049581705
   -0.0074579775
   -0.0077933620
   -0.0073327053
   -0.0086437219
   -0.0096278671
   -0.0095217074
   -0.0083459910
   -0.0102772126
   -0.0108575279
   -0.0100738752
   -0.0096858274
   -0.0108952726
   -0.0108290591
   -0.0095070012
   -0.0082637776
   -0.0097279668
   -0.0103219784
   -0.0097247862
   -0.0078800294
   -0.0087703366
   -0.0088482737
   -0.0080512340
   -0.0067382993
   -0.0071559048
   -0.0070097164
   -0.0051764489
   -0.0053823534
